     -2.7426923759989e+00	
      2.4696502610858e-01	
     -1.7917143880328e+00	
      2.1026148860700e-01	
     -1.0462710221440e+00	
      1.9771323754933e-01	
     -4.5992921767561e-01	
      2.2413848971165e-01	
     -3.8428910319645e-01	
      2.1212651361695e-01	
     -3.0399626525050e-01	
      1.8782456236360e-01	
     -2.1774704087678e-01	
      1.4995093986327e-01	
     -1.1921691786176e-01	
      9.3330930792152e-02	
      0.0000000000000e+00	
      0.0000000000000e+00	
     -2.7354192242228e+00	
      1.9938479988437e-01	
     -1.7890733313927e+00	
      1.6181565978543e-01	
     -1.0631207785025e+00	
      1.3862402077550e-01	
     -4.6109719042563e-01	
      1.6487771771447e-01	
     -3.6731904159754e-01	
      1.5287908910800e-01	
     -2.7421324058259e-01	
      1.3167921000789e-01	
     -1.7885414564215e-01	
      9.6211082244700e-02	
     -8.4807891039319e-02	
      4.7779437151783e-02	
      0.0000000000000e+00	
      0.0000000000000e+00	
     -2.7278653437050e+00	
      1.5045524035196e-01	
     -1.7900222854004e+00	
      1.1778496840853e-01	
     -1.1067263267041e+00	
      7.7516283086851e-02	
     -5.0031580621893e-01	
      1.1213327526303e-01	
     -4.1320243435862e-01	
      1.0984588546378e-01	
     -3.1103417217591e-01	
      8.3310652533031e-02	
     -2.0400811621299e-01	
      5.3307102022546e-02	
     -9.8469007749409e-02	
      2.7857169006030e-02	
      0.0000000000000e+00	
      0.0000000000000e+00	
     -2.7230901790029e+00	
      9.9916597101046e-02	
     -1.7894958164689e+00	
      7.8767323080588e-02	
     -1.1663524547978e+00	
      2.3638895133934e-02	
     -6.7852441488900e-01	
      7.4018301351338e-02	
     -4.9900956132594e-01	
      3.5911438300389e-02	
     -3.4930959000899e-01	
      7.6799886764495e-03	
     -2.2100907349527e-01	
     -1.6090027419307e-02	
     -1.0650714556500e-01	
     -2.7503096094852e-02	
      0.0000000000000e+00	
      0.0000000000000e+00	
     -2.7209169147281e+00	
      4.9489077888919e-02	
     -1.7884176047931e+00	
      4.0430831095140e-02	
     -1.2103706859973e+00	
     -3.3741417129129e-03	
     -9.9694432462022e-01	
      5.0632751085435e-02	
     -2.7218227893075e+00	
      1.2969370364818e-14	
     -1.7847992732624e+00	
      2.6984723503549e-15	
     -1.2405195625953e+00	
     -1.1288732587477e-15	
     -1.0767088151126e+00	
     -2.4521029845447e-15	
     -2.7209169147281e+00	
     -4.9489077888893e-02	
     -1.7884176047931e+00	
     -4.0430831095134e-02	
     -1.2103706859973e+00	
      3.3741417129106e-03	
     -9.9694432462022e-01	
     -5.0632751085439e-02	
     -2.7230901790028e+00	
     -9.9916597101020e-02	
     -1.7894958164689e+00	
     -7.8767323080583e-02	
     -1.1663524547978e+00	
     -2.3638895133937e-02	
     -6.7852441488899e-01	
     -7.4018301351342e-02	
     -4.9900956132594e-01	
     -3.5911438300392e-02	
     -3.4930959000899e-01	
     -7.6799886764516e-03	
     -2.2100907349527e-01	
      1.6090027419305e-02	
     -1.0650714556500e-01	
      2.7503096094851e-02	
      0.0000000000000e+00	
      0.0000000000000e+00	
     -2.7278653437050e+00	
     -1.5045524035194e-01	
     -1.7900222854004e+00	
     -1.1778496840852e-01	
     -1.1067263267040e+00	
     -7.7516283086854e-02	
     -5.0031580621892e-01	
     -1.1213327526303e-01	
     -4.1320243435862e-01	
     -1.0984588546379e-01	
     -3.1103417217591e-01	
     -8.3310652533032e-02	
     -2.0400811621299e-01	
     -5.3307102022547e-02	
     -9.8469007749408e-02	
     -2.7857169006031e-02	
      0.0000000000000e+00	
      0.0000000000000e+00	
     -2.7354192242228e+00	
     -1.9938479988435e-01	
     -1.7890733313927e+00	
     -1.6181565978543e-01	
     -1.0631207785025e+00	
     -1.3862402077550e-01	
     -4.6109719042562e-01	
     -1.6487771771447e-01	
     -3.6731904159754e-01	
     -1.5287908910800e-01	
     -2.7421324058259e-01	
     -1.3167921000789e-01	
     -1.7885414564215e-01	
     -9.6211082244701e-02	
     -8.4807891039319e-02	
     -4.7779437151783e-02	
      0.0000000000000e+00	
      0.0000000000000e+00	
     -2.7426923759989e+00	
     -2.4696502610856e-01	
     -1.7917143880328e+00	
     -2.1026148860700e-01	
     -1.0462710221440e+00	
     -1.9771323754933e-01	
     -4.5992921767561e-01	
     -2.2413848971166e-01	
     -3.8428910319645e-01	
     -2.1212651361696e-01	
     -3.0399626525050e-01	
     -1.8782456236360e-01	
     -2.1774704087678e-01	
     -1.4995093986327e-01	
     -1.1921691786176e-01	
     -9.3330930792153e-02	
      0.0000000000000e+00	
      0.0000000000000e+00	
