1	1	2	33	32
2	2	3	34	33
3	3	4	35	34
4	4	5	36	35
5	5	6	37	36
6	6	7	38	37
7	7	8	39	38
8	8	9	40	39
9	9	10	41	40
10	10	11	42	41
11	11	12	43	42
12	12	13	44	43
13	13	14	45	44
14	14	15	46	45
15	15	16	47	46
16	16	17	48	47
17	17	18	49	48
18	18	19	50	49
19	19	20	51	50
20	20	21	52	51
21	21	22	53	52
22	22	23	54	53
23	23	24	55	54
24	24	25	56	55
25	25	26	57	56
26	26	27	58	57
27	27	28	59	58
28	28	29	60	59
29	29	30	61	60
30	30	31	62	61
31	32	33	64	63
32	33	34	65	64
33	34	35	66	65
34	35	36	67	66
35	36	37	68	67
36	37	38	69	68
37	38	39	70	69
38	39	40	71	70
39	40	41	72	71
40	41	42	73	72
41	42	43	74	73
42	43	44	75	74
43	44	45	76	75
44	45	46	77	76
45	46	47	78	77
46	47	48	79	78
47	48	49	80	79
48	49	50	81	80
49	50	51	82	81
50	51	52	83	82
51	52	53	84	83
52	53	54	85	84
53	54	55	86	85
54	55	56	87	86
55	56	57	88	87
56	57	58	89	88
57	58	59	90	89
58	59	60	91	90
59	60	61	92	91
60	61	62	93	92
61	63	64	95	94
62	64	65	96	95
63	65	66	97	96
64	66	67	98	97
65	67	68	99	98
66	68	69	100	99
67	69	70	101	100
68	70	71	102	101
69	71	72	103	102
70	72	73	104	103
71	73	74	105	104
72	74	75	106	105
73	75	76	107	106
74	76	77	108	107
75	77	78	109	108
76	78	79	110	109
77	79	80	111	110
78	80	81	112	111
79	81	82	113	112
80	82	83	114	113
81	83	84	115	114
82	84	85	116	115
83	85	86	117	116
84	86	87	118	117
85	87	88	119	118
86	88	89	120	119
87	89	90	121	120
88	90	91	122	121
89	91	92	123	122
90	92	93	124	123
91	94	95	126	125
92	95	96	127	126
93	96	97	128	127
94	97	98	129	128
95	98	99	130	129
96	99	100	131	130
97	100	101	132	131
98	101	102	133	132
99	102	103	134	133
100	103	104	135	134
101	104	105	136	135
102	105	106	137	136
103	106	107	138	137
104	107	108	139	138
105	108	109	140	139
106	109	110	141	140
107	110	111	142	141
108	111	112	143	142
109	112	113	144	143
110	113	114	145	144
111	114	115	146	145
112	115	116	147	146
113	116	117	148	147
114	117	118	149	148
115	118	119	150	149
116	119	120	151	150
117	120	121	152	151
118	121	122	153	152
119	122	123	154	153
120	123	124	155	154
121	125	126	157	156
122	126	127	158	157
123	127	128	159	158
124	128	129	160	159
125	129	130	161	160
126	130	131	162	161
127	131	132	163	162
128	132	133	164	163
129	133	134	165	164
130	134	135	166	165
131	135	136	167	166
132	136	137	168	167
133	137	138	169	168
134	138	139	170	169
135	139	140	171	170
136	140	141	172	171
137	141	142	173	172
138	142	143	174	173
139	143	144	175	174
140	144	145	176	175
141	145	146	177	176
142	146	147	178	177
143	147	148	179	178
144	148	149	180	179
145	149	150	181	180
146	150	151	182	181
147	151	152	183	182
148	152	153	184	183
149	153	154	185	184
150	154	155	186	185
151	156	157	188	187
152	157	158	189	188
153	158	159	190	189
154	159	160	191	190
155	160	161	192	191
156	161	162	193	192
157	162	163	194	193
158	163	164	195	194
159	164	165	196	195
160	165	166	197	196
161	166	167	198	197
162	167	168	199	198
163	168	169	200	199
164	169	170	201	200
165	170	171	202	201
166	171	172	203	202
167	172	173	204	203
168	173	174	205	204
169	174	175	206	205
170	175	176	207	206
171	176	177	208	207
172	177	178	209	208
173	178	179	210	209
174	179	180	211	210
175	180	181	212	211
176	181	182	213	212
177	182	183	214	213
178	183	184	215	214
179	184	185	216	215
180	185	186	217	216
181	187	188	219	218
182	188	189	220	219
183	189	190	221	220
184	190	191	222	221
185	191	192	223	222
186	192	193	224	223
187	193	194	225	224
188	194	195	226	225
189	195	196	227	226
190	196	197	228	227
191	197	198	229	228
192	198	199	230	229
193	199	200	231	230
194	200	201	232	231
195	201	202	233	232
196	202	203	234	233
197	203	204	235	234
198	204	205	236	235
199	205	206	237	236
200	206	207	238	237
201	207	208	239	238
202	208	209	240	239
203	209	210	241	240
204	210	211	242	241
205	211	212	243	242
206	212	213	244	243
207	213	214	245	244
208	214	215	246	245
209	215	216	247	246
210	216	217	248	247
211	218	219	250	249
212	219	220	251	250
213	220	221	252	251
214	221	222	253	252
215	222	223	254	253
216	223	224	255	254
217	224	225	256	255
218	225	226	257	256
219	226	227	258	257
220	227	228	259	258
221	228	229	260	259
222	229	230	261	260
223	230	231	262	261
224	231	232	263	262
225	232	233	264	263
226	233	234	265	264
227	234	235	266	265
228	235	236	267	266
229	236	237	268	267
230	237	238	269	268
231	238	239	270	269
232	239	240	271	270
233	240	241	272	271
234	241	242	273	272
235	242	243	274	273
236	243	244	275	274
237	244	245	276	275
238	245	246	277	276
239	246	247	278	277
240	247	248	279	278
241	249	250	281	280
242	250	251	282	281
243	251	252	283	282
244	252	253	284	283
245	253	254	285	284
246	254	255	286	285
247	255	256	287	286
248	256	257	288	287
249	257	258	289	288
250	258	259	290	289
251	259	260	291	290
252	260	261	292	291
253	261	262	293	292
254	262	263	294	293
255	263	264	295	294
256	264	265	296	295
257	265	266	297	296
258	266	267	298	297
259	267	268	299	298
260	268	269	300	299
261	269	270	301	300
262	270	271	302	301
263	271	272	303	302
264	272	273	304	303
265	273	274	305	304
266	274	275	306	305
267	275	276	307	306
268	276	277	308	307
269	277	278	309	308
270	278	279	310	309
271	280	281	312	311
272	281	282	313	312
273	282	283	314	313
274	283	284	315	314
275	284	285	316	315
276	285	286	317	316
277	286	287	318	317
278	287	288	319	318
279	288	289	320	319
280	289	290	321	320
281	290	291	322	321
282	291	292	323	322
283	292	293	324	323
284	293	294	325	324
285	294	295	326	325
286	295	296	327	326
287	296	297	328	327
288	297	298	329	328
289	298	299	330	329
290	299	300	331	330
291	300	301	332	331
292	301	302	333	332
293	302	303	334	333
294	303	304	335	334
295	304	305	336	335
296	305	306	337	336
297	306	307	338	337
298	307	308	339	338
299	308	309	340	339
300	309	310	341	340
301	311	312	343	342
302	312	313	344	343
303	313	314	345	344
304	314	315	346	345
305	315	316	347	346
306	316	317	348	347
307	317	318	349	348
308	318	319	350	349
309	319	320	351	350
310	320	321	352	351
311	321	322	353	352
312	322	323	354	353
313	323	324	355	354
314	324	325	356	355
315	325	326	357	356
316	326	327	358	357
317	327	328	359	358
318	328	329	360	359
319	329	330	361	360
320	330	331	362	361
321	342	343	364	363
322	343	344	365	364
323	344	345	366	365
324	345	346	367	366
325	346	347	368	367
326	347	348	369	368
327	348	349	370	369
328	349	350	371	370
329	350	351	372	371
330	351	352	373	372
331	352	353	374	373
332	353	354	375	374
333	354	355	376	375
334	355	356	377	376
335	356	357	378	377
336	357	358	379	378
337	358	359	380	379
338	359	360	381	380
339	360	361	382	381
340	361	362	383	382
341	363	364	385	384
342	364	365	386	385
343	365	366	387	386
344	366	367	388	387
345	367	368	389	388
346	368	369	390	389
347	369	370	391	390
348	370	371	392	391
349	371	372	393	392
350	372	373	394	393
351	373	374	395	394
352	374	375	396	395
353	375	376	397	396
354	376	377	398	397
355	377	378	399	398
356	378	379	400	399
357	379	380	401	400
358	380	381	402	401
359	381	382	403	402
360	382	383	404	403
361	384	385	406	405
362	385	386	407	406
363	386	387	408	407
364	387	388	409	408
365	388	389	410	409
366	389	390	411	410
367	390	391	412	411
368	391	392	413	412
369	392	393	414	413
370	393	394	415	414
371	394	395	416	415
372	395	396	417	416
373	396	397	418	417
374	397	398	419	418
375	398	399	420	419
376	399	400	421	420
377	400	401	422	421
378	401	402	423	422
379	402	403	424	423
380	403	404	425	424
381	405	406	427	426
382	406	407	428	427
383	407	408	429	428
384	408	409	430	429
385	409	410	431	430
386	410	411	432	431
387	411	412	433	432
388	412	413	434	433
389	413	414	435	434
390	414	415	436	435
391	415	416	437	436
392	416	417	438	437
393	417	418	439	438
394	418	419	440	439
395	419	420	441	440
396	420	421	442	441
397	421	422	443	442
398	422	423	444	443
399	423	424	445	444
400	424	425	446	445
401	426	427	448	447
402	427	428	449	448
403	428	429	450	449
404	429	430	451	450
405	430	431	452	451
406	431	432	453	452
407	432	433	454	453
408	433	434	455	454
409	434	435	456	455
410	435	436	457	456
411	436	437	458	457
412	437	438	459	458
413	438	439	460	459
414	439	440	461	460
415	440	441	462	461
416	441	442	463	462
417	442	443	464	463
418	443	444	465	464
419	444	445	466	465
420	445	446	467	466
421	447	448	469	468
422	448	449	470	469
423	449	450	471	470
424	450	451	472	471
425	451	452	473	472
426	452	453	474	473
427	453	454	475	474
428	454	455	476	475
429	455	456	477	476
430	456	457	478	477
431	457	458	479	478
432	458	459	480	479
433	459	460	481	480
434	460	461	482	481
435	461	462	483	482
436	462	463	484	483
437	463	464	485	484
438	464	465	486	485
439	465	466	487	486
440	466	467	488	487
441	468	469	490	489
442	469	470	491	490
443	470	471	492	491
444	471	472	493	492
445	472	473	494	493
446	473	474	495	494
447	474	475	496	495
448	475	476	497	496
449	476	477	498	497
450	477	478	499	498
451	478	479	500	499
452	479	480	501	500
453	480	481	502	501
454	481	482	503	502
455	482	483	504	503
456	483	484	505	504
457	484	485	506	505
458	485	486	507	506
459	486	487	508	507
460	487	488	509	508
461	489	490	511	510
462	490	491	512	511
463	491	492	513	512
464	492	493	514	513
465	493	494	515	514
466	494	495	516	515
467	495	496	517	516
468	496	497	518	517
469	497	498	519	518
470	498	499	520	519
471	499	500	521	520
472	500	501	522	521
473	501	502	523	522
474	502	503	524	523
475	503	504	525	524
476	504	505	526	525
477	505	506	527	526
478	506	507	528	527
479	507	508	529	528
480	508	509	530	529
481	510	511	532	531
482	511	512	533	532
483	512	513	534	533
484	513	514	535	534
485	514	515	536	535
486	515	516	537	536
487	516	517	538	537
488	517	518	539	538
489	518	519	540	539
490	519	520	541	540
491	520	521	542	541
492	521	522	543	542
493	522	523	544	543
494	523	524	545	544
495	524	525	546	545
496	525	526	547	546
497	526	527	548	547
498	527	528	549	548
499	528	529	550	549
500	529	530	551	550
501	531	532	553	552
502	532	533	554	553
503	533	534	555	554
504	534	535	556	555
505	535	536	557	556
506	536	537	558	557
507	537	538	559	558
508	538	539	560	559
509	539	540	561	560
510	540	541	562	561
511	541	542	563	562
512	542	543	564	563
513	543	544	565	564
514	544	545	566	565
515	545	546	567	566
516	546	547	568	567
517	547	548	569	568
518	548	549	570	569
519	549	550	571	570
520	550	551	572	571
521	552	553	574	573
522	553	554	575	574
523	554	555	576	575
524	555	556	577	576
525	556	557	578	577
526	557	558	579	578
527	558	559	580	579
528	559	560	581	580
529	560	561	582	581
530	561	562	583	582
531	562	563	584	583
532	563	564	585	584
533	564	565	586	585
534	565	566	587	586
535	566	567	588	587
536	567	568	589	588
537	568	569	590	589
538	569	570	591	590
539	570	571	592	591
540	571	572	593	592
541	573	574	595	594
542	574	575	596	595
543	575	576	597	596
544	576	577	598	597
545	577	578	599	598
546	578	579	600	599
547	579	580	601	600
548	580	581	602	601
549	581	582	603	602
550	582	583	604	603
551	583	584	605	604
552	584	585	606	605
553	585	586	607	606
554	586	587	608	607
555	587	588	609	608
556	588	589	610	609
557	589	590	611	610
558	590	591	612	611
559	591	592	613	612
560	592	593	614	613
561	594	595	616	615
562	595	596	617	616
563	596	597	618	617
564	597	598	619	618
565	598	599	620	619
566	599	600	621	620
567	600	601	622	621
568	601	602	623	622
569	602	603	624	623
570	603	604	625	624
571	604	605	626	625
572	605	606	627	626
573	606	607	628	627
574	607	608	629	628
575	608	609	630	629
576	609	610	631	630
577	610	611	632	631
578	611	612	633	632
579	612	613	634	633
580	613	614	635	634
581	615	616	637	636
582	616	617	638	637
583	617	618	639	638
584	618	619	640	639
585	619	620	641	640
586	620	621	642	641
587	621	622	643	642
588	622	623	644	643
589	623	624	645	644
590	624	625	646	645
591	625	626	647	646
592	626	627	648	647
593	627	628	649	648
594	628	629	650	649
595	629	630	651	650
596	630	631	652	651
597	631	632	653	652
598	632	633	654	653
599	633	634	655	654
600	634	635	656	655
601	636	637	658	657
602	637	638	659	658
603	638	639	660	659
604	639	640	661	660
605	640	641	662	661
606	641	642	663	662
607	642	643	664	663
608	643	644	665	664
609	644	645	666	665
610	645	646	667	666
611	646	647	668	667
612	647	648	669	668
613	648	649	670	669
614	649	650	671	670
615	650	651	672	671
616	651	652	673	672
617	652	653	674	673
618	653	654	675	674
619	654	655	676	675
620	655	656	677	676
621	657	658	679	678
622	658	659	680	679
623	659	660	681	680
624	660	661	682	681
625	661	662	683	682
626	662	663	684	683
627	663	664	685	684
628	664	665	686	685
629	665	666	687	686
630	666	667	688	687
631	667	668	689	688
632	668	669	690	689
633	669	670	691	690
634	670	671	692	691
635	671	672	693	692
636	672	673	694	693
637	673	674	695	694
638	674	675	696	695
639	675	676	697	696
640	676	677	698	697
641	678	679	700	699
642	679	680	701	700
643	680	681	702	701
644	681	682	703	702
645	682	683	704	703
646	683	684	705	704
647	684	685	706	705
648	685	686	707	706
649	686	687	708	707
650	687	688	709	708
651	688	689	710	709
652	689	690	711	710
653	690	691	712	711
654	691	692	713	712
655	692	693	714	713
656	693	694	715	714
657	694	695	716	715
658	695	696	717	716
659	696	697	718	717
660	697	698	719	718
661	699	700	721	720
662	700	701	722	721
663	701	702	723	722
664	702	703	724	723
665	703	704	725	724
666	704	705	726	725
667	705	706	727	726
668	706	707	728	727
669	707	708	729	728
670	708	709	730	729
671	709	710	731	730
672	710	711	732	731
673	711	712	733	732
674	712	713	734	733
675	713	714	735	734
676	714	715	736	735
677	715	716	737	736
678	716	717	738	737
679	717	718	739	738
680	718	719	740	739
681	720	721	742	741
682	721	722	743	742
683	722	723	744	743
684	723	724	745	744
685	724	725	746	745
686	725	726	747	746
687	726	727	748	747
688	727	728	749	748
689	728	729	750	749
690	729	730	751	750
691	730	731	752	751
692	731	732	753	752
693	732	733	754	753
694	733	734	755	754
695	734	735	756	755
696	735	736	757	756
697	736	737	758	757
698	737	738	759	758
699	738	739	760	759
700	739	740	761	760
701	741	742	763	762
702	742	743	764	763
703	743	744	765	764
704	744	745	766	765
705	745	746	767	766
706	746	747	768	767
707	747	748	769	768
708	748	749	770	769
709	749	750	771	770
710	750	751	772	771
711	751	752	773	772
712	752	753	774	773
713	753	754	775	774
714	754	755	776	775
715	755	756	777	776
716	756	757	778	777
717	757	758	779	778
718	758	759	780	779
719	759	760	781	780
720	760	761	782	781
721	762	763	784	783
722	763	764	785	784
723	764	765	786	785
724	765	766	787	786
725	766	767	788	787
726	767	768	789	788
727	768	769	790	789
728	769	770	791	790
729	770	771	792	791
730	771	772	793	792
731	772	773	794	793
732	773	774	795	794
733	774	775	796	795
734	775	776	797	796
735	776	777	798	797
736	777	778	799	798
737	778	779	800	799
738	779	780	801	800
739	780	781	802	801
740	781	782	803	802
741	783	784	805	804
742	784	785	806	805
743	785	786	807	806
744	786	787	808	807
745	787	788	809	808
746	788	789	810	809
747	789	790	811	810
748	790	791	812	811
749	791	792	813	812
750	792	793	814	813
751	793	794	815	814
752	794	795	816	815
753	795	796	817	816
754	796	797	818	817
755	797	798	819	818
756	798	799	820	819
757	799	800	821	820
758	800	801	822	821
759	801	802	823	822
760	802	803	824	823
761	804	805	826	825
762	805	806	827	826
763	806	807	828	827
764	807	808	829	828
765	808	809	830	829
766	809	810	831	830
767	810	811	832	831
768	811	812	833	832
769	812	813	834	833
770	813	814	835	834
771	814	815	836	835
772	815	816	837	836
773	816	817	838	837
774	817	818	839	838
775	818	819	840	839
776	819	820	841	840
777	820	821	842	841
778	821	822	843	842
779	822	823	844	843
780	823	824	845	844
781	825	826	847	846
782	826	827	848	847
783	827	828	849	848
784	828	829	850	849
785	829	830	851	850
786	830	831	852	851
787	831	832	853	852
788	832	833	854	853
789	833	834	855	854
790	834	835	856	855
791	835	836	857	856
792	836	837	858	857
793	837	838	859	858
794	838	839	860	859
795	839	840	861	860
796	840	841	862	861
797	841	842	863	862
798	842	843	864	863
799	843	844	865	864
800	844	845	866	865
801	846	847	868	867
802	847	848	869	868
803	848	849	870	869
804	849	850	871	870
805	850	851	872	871
806	851	852	873	872
807	852	853	874	873
808	853	854	875	874
809	854	855	876	875
810	855	856	877	876
811	856	857	878	877
812	857	858	879	878
813	858	859	880	879
814	859	860	881	880
815	860	861	882	881
816	861	862	883	882
817	862	863	884	883
818	863	864	885	884
819	864	865	886	885
820	865	866	887	886
821	867	868	889	888
822	868	869	890	889
823	869	870	891	890
824	870	871	892	891
825	871	872	893	892
826	872	873	894	893
827	873	874	895	894
828	874	875	896	895
829	875	876	897	896
830	876	877	898	897
831	877	878	899	898
832	878	879	900	899
833	879	880	901	900
834	880	881	902	901
835	881	882	903	902
836	882	883	904	903
837	883	884	905	904
838	884	885	906	905
839	885	886	907	906
840	886	887	908	907
841	888	889	910	909
842	889	890	911	910
843	890	891	912	911
844	891	892	913	912
845	892	893	914	913
846	893	894	915	914
847	894	895	916	915
848	895	896	917	916
849	896	897	918	917
850	897	898	919	918
851	898	899	920	919
852	899	900	921	920
853	900	901	922	921
854	901	902	923	922
855	902	903	924	923
856	903	904	925	924
857	904	905	926	925
858	905	906	927	926
859	906	907	928	927
860	907	908	929	928
861	909	910	931	930
862	910	911	932	931
863	911	912	933	932
864	912	913	934	933
865	913	914	935	934
866	914	915	936	935
867	915	916	937	936
868	916	917	938	937
869	917	918	939	938
870	918	919	940	939
871	919	920	941	940
872	920	921	942	941
873	921	922	943	942
874	922	923	944	943
875	923	924	945	944
876	924	925	946	945
877	925	926	947	946
878	926	927	948	947
879	927	928	949	948
880	928	929	950	949
881	930	931	952	951
882	931	932	953	952
883	932	933	954	953
884	933	934	955	954
885	934	935	956	955
886	935	936	957	956
887	936	937	958	957
888	937	938	959	958
889	938	939	960	959
890	939	940	961	960
891	940	941	962	961
892	941	942	963	962
893	942	943	964	963
894	943	944	965	964
895	944	945	966	965
896	945	946	967	966
897	946	947	968	967
898	947	948	969	968
899	948	949	970	969
900	949	950	971	970
901	951	952	973	972
902	952	953	974	973
903	953	954	975	974
904	954	955	976	975
905	955	956	977	976
906	956	957	978	977
907	957	958	979	978
908	958	959	980	979
909	959	960	981	980
910	960	961	982	981
911	961	962	983	982
912	962	963	984	983
913	963	964	985	984
914	964	965	986	985
915	965	966	987	986
916	966	967	988	987
917	967	968	989	988
918	968	969	990	989
919	969	970	991	990
920	970	971	992	991
921	972	973	994	993
922	973	974	995	994
923	974	975	996	995
924	975	976	997	996
925	976	977	998	997
926	977	978	999	998
927	978	979	1000	999
928	979	980	1001	1000
929	980	981	1002	1001
930	981	982	1003	1002
931	982	983	1004	1003
932	983	984	1005	1004
933	984	985	1006	1005
934	985	986	1007	1006
935	986	987	1008	1007
936	987	988	1009	1008
937	988	989	1010	1009
938	989	990	1011	1010
939	990	991	1012	1011
940	991	992	1013	1012
941	993	994	1015	1014
942	994	995	1016	1015
943	995	996	1017	1016
944	996	997	1018	1017
945	997	998	1019	1018
946	998	999	1020	1019
947	999	1000	1021	1020
948	1000	1001	1022	1021
949	1001	1002	1023	1022
950	1002	1003	1024	1023
951	1003	1004	1025	1024
952	1004	1005	1026	1025
953	1005	1006	1027	1026
954	1006	1007	1028	1027
955	1007	1008	1029	1028
956	1008	1009	1030	1029
957	1009	1010	1031	1030
958	1010	1011	1032	1031
959	1011	1012	1033	1032
960	1012	1013	1034	1033
961	1014	1015	1036	1035
962	1015	1016	1037	1036
963	1016	1017	1038	1037
964	1017	1018	1039	1038
965	1018	1019	1040	1039
966	1019	1020	1041	1040
967	1020	1021	1042	1041
968	1021	1022	1043	1042
969	1022	1023	1044	1043
970	1023	1024	1045	1044
971	1024	1025	1046	1045
972	1025	1026	1047	1046
973	1026	1027	1048	1047
974	1027	1028	1049	1048
975	1028	1029	1050	1049
976	1029	1030	1051	1050
977	1030	1031	1052	1051
978	1031	1032	1053	1052
979	1032	1033	1054	1053
980	1033	1034	1055	1054
981	1035	1036	1057	1056
982	1036	1037	1058	1057
983	1037	1038	1059	1058
984	1038	1039	1060	1059
985	1039	1040	1061	1060
986	1040	1041	1062	1061
987	1041	1042	1063	1062
988	1042	1043	1064	1063
989	1043	1044	1065	1064
990	1044	1045	1066	1065
991	1045	1046	1067	1066
992	1046	1047	1068	1067
993	1047	1048	1069	1068
994	1048	1049	1070	1069
995	1049	1050	1071	1070
996	1050	1051	1072	1071
997	1051	1052	1073	1072
998	1052	1053	1074	1073
999	1053	1054	1075	1074
1000	1054	1055	1076	1075
1001	1056	1057	1078	1077
1002	1057	1058	1079	1078
1003	1058	1059	1080	1079
1004	1059	1060	1081	1080
1005	1060	1061	1082	1081
1006	1061	1062	1083	1082
1007	1062	1063	1084	1083
1008	1063	1064	1085	1084
1009	1064	1065	1086	1085
1010	1065	1066	1087	1086
1011	1066	1067	1088	1087
1012	1067	1068	1089	1088
1013	1068	1069	1090	1089
1014	1069	1070	1091	1090
1015	1070	1071	1092	1091
1016	1071	1072	1093	1092
1017	1072	1073	1094	1093
1018	1073	1074	1095	1094
1019	1074	1075	1096	1095
1020	1075	1076	1097	1096
1021	1077	1078	1099	1098
1022	1078	1079	1100	1099
1023	1079	1080	1101	1100
1024	1080	1081	1102	1101
1025	1081	1082	1103	1102
1026	1082	1083	1104	1103
1027	1083	1084	1105	1104
1028	1084	1085	1106	1105
1029	1085	1086	1107	1106
1030	1086	1087	1108	1107
1031	1087	1088	1109	1108
1032	1088	1089	1110	1109
1033	1089	1090	1111	1110
1034	1090	1091	1112	1111
1035	1091	1092	1113	1112
1036	1092	1093	1114	1113
1037	1093	1094	1115	1114
1038	1094	1095	1116	1115
1039	1095	1096	1117	1116
1040	1096	1097	1118	1117
1041	1098	1099	1120	1119
1042	1099	1100	1121	1120
1043	1100	1101	1122	1121
1044	1101	1102	1123	1122
1045	1102	1103	1124	1123
1046	1103	1104	1125	1124
1047	1104	1105	1126	1125
1048	1105	1106	1127	1126
1049	1106	1107	1128	1127
1050	1107	1108	1129	1128
1051	1108	1109	1130	1129
1052	1109	1110	1131	1130
1053	1110	1111	1132	1131
1054	1111	1112	1133	1132
1055	1112	1113	1134	1133
1056	1113	1114	1135	1134
1057	1114	1115	1136	1135
1058	1115	1116	1137	1136
1059	1116	1117	1138	1137
1060	1117	1118	1139	1138
1061	1119	1120	1141	1140
1062	1120	1121	1142	1141
1063	1121	1122	1143	1142
1064	1122	1123	1144	1143
1065	1123	1124	1145	1144
1066	1124	1125	1146	1145
1067	1125	1126	1147	1146
1068	1126	1127	1148	1147
1069	1127	1128	1149	1148
1070	1128	1129	1150	1149
1071	1129	1130	1151	1150
1072	1130	1131	1152	1151
1073	1131	1132	1153	1152
1074	1132	1133	1154	1153
1075	1133	1134	1155	1154
1076	1134	1135	1156	1155
1077	1135	1136	1157	1156
1078	1136	1137	1158	1157
1079	1137	1138	1159	1158
1080	1138	1139	1160	1159
1081	1140	1141	1162	1161
1082	1141	1142	1163	1162
1083	1142	1143	1164	1163
1084	1143	1144	1165	1164
1085	1144	1145	1166	1165
1086	1145	1146	1167	1166
1087	1146	1147	1168	1167
1088	1147	1148	1169	1168
1089	1148	1149	1170	1169
1090	1149	1150	1171	1170
1091	1150	1151	1172	1171
1092	1151	1152	1173	1172
1093	1152	1153	1174	1173
1094	1153	1154	1175	1174
1095	1154	1155	1176	1175
1096	1155	1156	1177	1176
1097	1156	1157	1178	1177
1098	1157	1158	1179	1178
1099	1158	1159	1180	1179
1100	1159	1160	1181	1180
1101	1161	1162	1193	1192
1102	1162	1163	1194	1193
1103	1163	1164	1195	1194
1104	1164	1165	1196	1195
1105	1165	1166	1197	1196
1106	1166	1167	1198	1197
1107	1167	1168	1199	1198
1108	1168	1169	1200	1199
1109	1169	1170	1201	1200
1110	1170	1171	1202	1201
1111	1171	1172	1203	1202
1112	1172	1173	1204	1203
1113	1173	1174	1205	1204
1114	1174	1175	1206	1205
1115	1175	1176	1207	1206
1116	1176	1177	1208	1207
1117	1177	1178	1209	1208
1118	1178	1179	1210	1209
1119	1179	1180	1211	1210
1120	1180	1181	1212	1211
1121	1181	1182	1213	1212
1122	1182	1183	1214	1213
1123	1183	1184	1215	1214
1124	1184	1185	1216	1215
1125	1185	1186	1217	1216
1126	1186	1187	1218	1217
1127	1187	1188	1219	1218
1128	1188	1189	1220	1219
1129	1189	1190	1221	1220
1130	1190	1191	1222	1221
1131	1192	1193	1224	1223
1132	1193	1194	1225	1224
1133	1194	1195	1226	1225
1134	1195	1196	1227	1226
1135	1196	1197	1228	1227
1136	1197	1198	1229	1228
1137	1198	1199	1230	1229
1138	1199	1200	1231	1230
1139	1200	1201	1232	1231
1140	1201	1202	1233	1232
1141	1202	1203	1234	1233
1142	1203	1204	1235	1234
1143	1204	1205	1236	1235
1144	1205	1206	1237	1236
1145	1206	1207	1238	1237
1146	1207	1208	1239	1238
1147	1208	1209	1240	1239
1148	1209	1210	1241	1240
1149	1210	1211	1242	1241
1150	1211	1212	1243	1242
1151	1212	1213	1244	1243
1152	1213	1214	1245	1244
1153	1214	1215	1246	1245
1154	1215	1216	1247	1246
1155	1216	1217	1248	1247
1156	1217	1218	1249	1248
1157	1218	1219	1250	1249
1158	1219	1220	1251	1250
1159	1220	1221	1252	1251
1160	1221	1222	1253	1252
1161	1223	1224	1255	1254
1162	1224	1225	1256	1255
1163	1225	1226	1257	1256
1164	1226	1227	1258	1257
1165	1227	1228	1259	1258
1166	1228	1229	1260	1259
1167	1229	1230	1261	1260
1168	1230	1231	1262	1261
1169	1231	1232	1263	1262
1170	1232	1233	1264	1263
1171	1233	1234	1265	1264
1172	1234	1235	1266	1265
1173	1235	1236	1267	1266
1174	1236	1237	1268	1267
1175	1237	1238	1269	1268
1176	1238	1239	1270	1269
1177	1239	1240	1271	1270
1178	1240	1241	1272	1271
1179	1241	1242	1273	1272
1180	1242	1243	1274	1273
1181	1243	1244	1275	1274
1182	1244	1245	1276	1275
1183	1245	1246	1277	1276
1184	1246	1247	1278	1277
1185	1247	1248	1279	1278
1186	1248	1249	1280	1279
1187	1249	1250	1281	1280
1188	1250	1251	1282	1281
1189	1251	1252	1283	1282
1190	1252	1253	1284	1283
1191	1254	1255	1286	1285
1192	1255	1256	1287	1286
1193	1256	1257	1288	1287
1194	1257	1258	1289	1288
1195	1258	1259	1290	1289
1196	1259	1260	1291	1290
1197	1260	1261	1292	1291
1198	1261	1262	1293	1292
1199	1262	1263	1294	1293
1200	1263	1264	1295	1294
1201	1264	1265	1296	1295
1202	1265	1266	1297	1296
1203	1266	1267	1298	1297
1204	1267	1268	1299	1298
1205	1268	1269	1300	1299
1206	1269	1270	1301	1300
1207	1270	1271	1302	1301
1208	1271	1272	1303	1302
1209	1272	1273	1304	1303
1210	1273	1274	1305	1304
1211	1274	1275	1306	1305
1212	1275	1276	1307	1306
1213	1276	1277	1308	1307
1214	1277	1278	1309	1308
1215	1278	1279	1310	1309
1216	1279	1280	1311	1310
1217	1280	1281	1312	1311
1218	1281	1282	1313	1312
1219	1282	1283	1314	1313
1220	1283	1284	1315	1314
1221	1285	1286	1317	1316
1222	1286	1287	1318	1317
1223	1287	1288	1319	1318
1224	1288	1289	1320	1319
1225	1289	1290	1321	1320
1226	1290	1291	1322	1321
1227	1291	1292	1323	1322
1228	1292	1293	1324	1323
1229	1293	1294	1325	1324
1230	1294	1295	1326	1325
1231	1295	1296	1327	1326
1232	1296	1297	1328	1327
1233	1297	1298	1329	1328
1234	1298	1299	1330	1329
1235	1299	1300	1331	1330
1236	1300	1301	1332	1331
1237	1301	1302	1333	1332
1238	1302	1303	1334	1333
1239	1303	1304	1335	1334
1240	1304	1305	1336	1335
1241	1305	1306	1337	1336
1242	1306	1307	1338	1337
1243	1307	1308	1339	1338
1244	1308	1309	1340	1339
1245	1309	1310	1341	1340
1246	1310	1311	1342	1341
1247	1311	1312	1343	1342
1248	1312	1313	1344	1343
1249	1313	1314	1345	1344
1250	1314	1315	1346	1345
1251	1316	1317	1348	1347
1252	1317	1318	1349	1348
1253	1318	1319	1350	1349
1254	1319	1320	1351	1350
1255	1320	1321	1352	1351
1256	1321	1322	1353	1352
1257	1322	1323	1354	1353
1258	1323	1324	1355	1354
1259	1324	1325	1356	1355
1260	1325	1326	1357	1356
1261	1326	1327	1358	1357
1262	1327	1328	1359	1358
1263	1328	1329	1360	1359
1264	1329	1330	1361	1360
1265	1330	1331	1362	1361
1266	1331	1332	1363	1362
1267	1332	1333	1364	1363
1268	1333	1334	1365	1364
1269	1334	1335	1366	1365
1270	1335	1336	1367	1366
1271	1336	1337	1368	1367
1272	1337	1338	1369	1368
1273	1338	1339	1370	1369
1274	1339	1340	1371	1370
1275	1340	1341	1372	1371
1276	1341	1342	1373	1372
1277	1342	1343	1374	1373
1278	1343	1344	1375	1374
1279	1344	1345	1376	1375
1280	1345	1346	1377	1376
1281	1347	1348	1379	1378
1282	1348	1349	1380	1379
1283	1349	1350	1381	1380
1284	1350	1351	1382	1381
1285	1351	1352	1383	1382
1286	1352	1353	1384	1383
1287	1353	1354	1385	1384
1288	1354	1355	1386	1385
1289	1355	1356	1387	1386
1290	1356	1357	1388	1387
1291	1357	1358	1389	1388
1292	1358	1359	1390	1389
1293	1359	1360	1391	1390
1294	1360	1361	1392	1391
1295	1361	1362	1393	1392
1296	1362	1363	1394	1393
1297	1363	1364	1395	1394
1298	1364	1365	1396	1395
1299	1365	1366	1397	1396
1300	1366	1367	1398	1397
1301	1367	1368	1399	1398
1302	1368	1369	1400	1399
1303	1369	1370	1401	1400
1304	1370	1371	1402	1401
1305	1371	1372	1403	1402
1306	1372	1373	1404	1403
1307	1373	1374	1405	1404
1308	1374	1375	1406	1405
1309	1375	1376	1407	1406
1310	1376	1377	1408	1407
1311	1378	1379	1410	1409
1312	1379	1380	1411	1410
1313	1380	1381	1412	1411
1314	1381	1382	1413	1412
1315	1382	1383	1414	1413
1316	1383	1384	1415	1414
1317	1384	1385	1416	1415
1318	1385	1386	1417	1416
1319	1386	1387	1418	1417
1320	1387	1388	1419	1418
1321	1388	1389	1420	1419
1322	1389	1390	1421	1420
1323	1390	1391	1422	1421
1324	1391	1392	1423	1422
1325	1392	1393	1424	1423
1326	1393	1394	1425	1424
1327	1394	1395	1426	1425
1328	1395	1396	1427	1426
1329	1396	1397	1428	1427
1330	1397	1398	1429	1428
1331	1398	1399	1430	1429
1332	1399	1400	1431	1430
1333	1400	1401	1432	1431
1334	1401	1402	1433	1432
1335	1402	1403	1434	1433
1336	1403	1404	1435	1434
1337	1404	1405	1436	1435
1338	1405	1406	1437	1436
1339	1406	1407	1438	1437
1340	1407	1408	1439	1438
1341	1409	1410	1441	1440
1342	1410	1411	1442	1441
1343	1411	1412	1443	1442
1344	1412	1413	1444	1443
1345	1413	1414	1445	1444
1346	1414	1415	1446	1445
1347	1415	1416	1447	1446
1348	1416	1417	1448	1447
1349	1417	1418	1449	1448
1350	1418	1419	1450	1449
1351	1419	1420	1451	1450
1352	1420	1421	1452	1451
1353	1421	1422	1453	1452
1354	1422	1423	1454	1453
1355	1423	1424	1455	1454
1356	1424	1425	1456	1455
1357	1425	1426	1457	1456
1358	1426	1427	1458	1457
1359	1427	1428	1459	1458
1360	1428	1429	1460	1459
1361	1429	1430	1461	1460
1362	1430	1431	1462	1461
1363	1431	1432	1463	1462
1364	1432	1433	1464	1463
1365	1433	1434	1465	1464
1366	1434	1435	1466	1465
1367	1435	1436	1467	1466
1368	1436	1437	1468	1467
1369	1437	1438	1469	1468
1370	1438	1439	1470	1469
1371	1440	1441	1472	1471
1372	1441	1442	1473	1472
1373	1442	1443	1474	1473
1374	1443	1444	1475	1474
1375	1444	1445	1476	1475
1376	1445	1446	1477	1476
1377	1446	1447	1478	1477
1378	1447	1448	1479	1478
1379	1448	1449	1480	1479
1380	1449	1450	1481	1480
1381	1450	1451	1482	1481
1382	1451	1452	1483	1482
1383	1452	1453	1484	1483
1384	1453	1454	1485	1484
1385	1454	1455	1486	1485
1386	1455	1456	1487	1486
1387	1456	1457	1488	1487
1388	1457	1458	1489	1488
1389	1458	1459	1490	1489
1390	1459	1460	1491	1490
1391	1460	1461	1492	1491
1392	1461	1462	1493	1492
1393	1462	1463	1494	1493
1394	1463	1464	1495	1494
1395	1464	1465	1496	1495
1396	1465	1466	1497	1496
1397	1466	1467	1498	1497
1398	1467	1468	1499	1498
1399	1468	1469	1500	1499
1400	1469	1470	1501	1500
