     -2.7860736568784e-01	
      2.3923941714707e-02	
     -2.3073522312492e-01	
      2.3079368092987e-02	
     -1.9349259543232e-01	
      2.1781177335604e-02	
     -1.6362031315876e-01	
      2.0246720666212e-02	
     -1.3897622134727e-01	
      1.9203543486626e-02	
     -1.1856052613129e-01	
      1.9142163571250e-02	
     -1.0199610195036e-01	
      1.9978817374820e-02	
     -8.8962040604700e-02	
      2.1237707726075e-02	
     -7.8957708867253e-02	
      2.2440223989080e-02	
     -7.1373322279310e-02	
      2.3334529668702e-02	
     -6.5634077354727e-02	
      2.3885354470928e-02	
     -6.1276282113908e-02	
      2.4163911112800e-02	
     -5.7952531308169e-02	
      2.4261878073416e-02	
     -5.5408021314797e-02	
      2.4254708807063e-02	
     -5.3455095100463e-02	
      2.4194310835269e-02	
     -5.1953889332523e-02	
      2.4112717282766e-02	
     -5.0798939733472e-02	
      2.4027993391376e-02	
     -4.9910020836054e-02	
      2.3949310364250e-02	
     -4.9225754509985e-02	
      2.3880561126178e-02	
     -4.8699020480857e-02	
      2.3822708921210e-02	
     -4.8293576246457e-02	
      2.3775221925163e-02	
     -4.4338457910409e-02	
      2.3171120701398e-02	
     -4.0329764933237e-02	
      2.2293234227266e-02	
     -3.6234680544194e-02	
      2.1115381800413e-02	
     -3.2013968808387e-02	
      1.9610679744022e-02	
     -2.7619400190918e-02	
      1.7748907269903e-02	
     -2.2989371995463e-02	
      1.5491861747287e-02	
     -1.8042158900057e-02	
      1.2783481147630e-02	
     -1.2666466885706e-02	
      9.5236382044268e-03	
     -6.7115406656565e-03	
      5.4854615366936e-03	
      0.0000000000000e+00	
      0.0000000000000e+00	
     -2.7839051519916e-01	
      1.9691218061786e-02	
     -2.3044100910867e-01	
      1.8848669398541e-02	
     -1.9312095843069e-01	
      1.7474429671019e-02	
     -1.6348301208992e-01	
      1.5734123585911e-02	
     -1.3951099049222e-01	
      1.4362790284876e-02	
     -1.1996507252883e-01	
      1.3923252553833e-02	
     -1.0407039272007e-01	
      1.4442838945281e-02	
     -9.1272031595548e-02	
      1.5532563024341e-02	
     -8.1100363321422e-02	
      1.6722603062984e-02	
     -7.3113245151219e-02	
      1.7700770130979e-02	
     -6.6893104767197e-02	
      1.8360543905432e-02	
     -6.2069510337547e-02	
      1.8732270637472e-02	
     -5.8335445596056e-02	
      1.8896870999367e-02	
     -5.5447125509839e-02	
      1.8933148275956e-02	
     -5.3214371512782e-02	
      1.8899623703349e-02	
     -5.1489491607632e-02	
      1.8834121352458e-02	
     -5.0157837759802e-02	
      1.8758819117376e-02	
     -4.9130412057795e-02	
      1.8685550320162e-02	
     -4.8338159273494e-02	
      1.8619852906681e-02	
     -4.7727546423812e-02	
      1.8563679991303e-02	
     -4.7257119251762e-02	
      1.8517085956245e-02	
     -4.2662427065943e-02	
      1.7908435446001e-02	
     -3.7995952223134e-02	
      1.7001741021396e-02	
     -3.3249525789871e-02	
      1.5784046058609e-02	
     -2.8421934681452e-02	
      1.4249812177308e-02	
     -2.3522748743802e-02	
      1.2399341359778e-02	
     -1.8577066473085e-02	
      1.0238474429137e-02	
     -1.3632591285881e-02	
      7.7834432712619e-03	
     -8.7725731261881e-03	
      5.0823671610813e-03	
     -4.1424173043909e-03	
      2.2930279252933e-03	
      0.0000000000000e+00	
      0.0000000000000e+00	
     -2.7823581083551e-01	
      1.6657316269520e-02	
     -2.3029587380212e-01	
      1.5845314744958e-02	
     -1.9315024755960e-01	
      1.4468785358294e-02	
     -1.6402914841831e-01	
      1.2666755149909e-02	
     -1.4086487872653e-01	
      1.1111046329303e-02	
     -1.2213208532221e-01	
      1.0339864088866e-02	
     -1.0676972255611e-01	
      1.0458494365678e-02	
     -9.4123312725871e-02	
      1.1230840808639e-02	
     -8.3810652863456e-02	
      1.2302513199393e-02	
     -7.5549360517148e-02	
      1.3361728413326e-02	
     -6.9048881237704e-02	
      1.4214717411445e-02	
     -6.3997215505060e-02	
      1.4797532169254e-02	
     -6.0095409290759e-02	
      1.5139040093069e-02	
     -5.7087599089601e-02	
      1.5305883924927e-02	
     -5.4769470968401e-02	
      1.5363114680129e-02	
     -5.2982655745579e-02	
      1.5359190831582e-02	
     -5.1605337172093e-02	
      1.5325497907721e-02	
     -5.0543797456737e-02	
      1.5280545730749e-02	
     -4.9725817456011e-02	
      1.5234366395110e-02	
     -4.9095676357240e-02	
      1.5191850707119e-02	
     -4.8610362822436e-02	
      1.5154958832723e-02	
     -4.3870390227793e-02	
      1.4604604243706e-02	
     -3.9057132797382e-02	
      1.3705184852344e-02	
     -3.4158982753498e-02	
      1.2483456269275e-02	
     -2.9182791501484e-02	
      1.0992726953222e-02	
     -2.4157429882003e-02	
      9.3017932042665e-03	
     -1.9131776663380e-02	
      7.4838087413005e-03	
     -1.4167773181460e-02	
      5.6102549041888e-03	
     -9.3268317965441e-03	
      3.7492332124746e-03	
     -4.6368176885654e-03	
      1.9454406226348e-03	
      0.0000000000000e+00	
      0.0000000000000e+00	
     -2.7813358114175e-01	
      1.4486414942573e-02	
     -2.3022731286663e-01	
      1.3719672496250e-02	
     -1.9328050208911e-01	
      1.2387581131824e-02	
     -1.6463570344396e-01	
      1.0605396809823e-02	
     -1.4218351530326e-01	
      8.9585222305107e-03	
     -1.2422661274031e-01	
      7.9271939346856e-03	
     -1.0951844908692e-01	
      7.6643985030449e-03	
     -9.7282779268386e-02	
      8.0735146745801e-03	
     -8.7106613152849e-02	
      8.9422732542489e-03	
     -7.8766593759774e-02	
      1.0023885498101e-02	
     -7.2081287989151e-02	
      1.1089276850340e-02	
     -6.6835981881014e-02	
      1.1975315693400e-02	
     -6.2780850079020e-02	
      1.2613538920284e-02	
     -5.9666994753608e-02	
      1.3018382234264e-02	
     -5.7278764765441e-02	
      1.3246167558730e-02	
     -5.5445022852265e-02	
      1.3357410969021e-02	
     -5.4035092379955e-02	
      1.3399343552211e-02	
     -5.2949992192244e-02	
      1.3403576555776e-02	
     -5.2114473529172e-02	
      1.3389441473849e-02	
     -5.1471024179737e-02	
      1.3367982686457e-02	
     -5.0975500138347e-02	
      1.3345106078465e-02	
     -4.6122857774896e-02	
      1.2832035302762e-02	
     -4.1152740586466e-02	
      1.1820952266562e-02	
     -3.6035721864184e-02	
      1.0422584163262e-02	
     -3.0789816399500e-02	
      8.7940380204581e-03	
     -2.5468817115355e-02	
      7.0871053856178e-03	
     -2.0140870573653e-02	
      5.4217870104022e-03	
     -1.4873430822921e-02	
      3.8788968968847e-03	
     -9.7244601219204e-03	
      2.4901476002535e-03	
     -4.7392040825613e-03	
      1.2118123928304e-03	
      0.0000000000000e+00	
      0.0000000000000e+00	
     -2.7806711664960e-01	
      1.2934807432192e-02	
     -2.3019436023002e-01	
      1.2213619242636e-02	
     -1.9341096405060e-01	
      1.0940558265477e-02	
     -1.6513612427469e-01	
      9.2111895161971e-03	
     -1.4324611444547e-01	
      7.5343370753027e-03	
     -1.2595721383161e-01	
      6.3332997461239e-03	
     -1.1191504211464e-01	
      5.7819113220490e-03	
     -1.0024028923351e-01	
      5.8727793129372e-03	
     -9.0436883613889e-02	
      6.4998815121202e-03	
     -8.2243565594896e-02	
      7.4975181968454e-03	
     -7.5508341091553e-02	
      8.6669538131790e-03	
     -7.0100310724268e-02	
      9.8117334693969e-03	
     -6.5859372564456e-02	
      1.0780593464735e-02	
     -6.2590549931671e-02	
      1.1500336605848e-02	
     -6.0091348383082e-02	
      1.1976364032745e-02	
     -5.8182263940443e-02	
      1.2260765349697e-02	
     -5.6720544125293e-02	
      1.2414959999950e-02	
     -5.5598404542643e-02	
      1.2489025516677e-02	
     -5.4735374365381e-02	
      1.2517312713096e-02	
     -5.4070945165854e-02	
      1.2521286785670e-02	
     -5.3559199704460e-02	
      1.2513544097976e-02	
     -4.8507612698004e-02	
      1.1946591345557e-02	
     -4.3240450273853e-02	
      1.0618385710654e-02	
     -3.7741470927598e-02	
      8.8512230091946e-03	
     -3.2102236826268e-02	
      6.9571873228313e-03	
     -2.6432127670679e-02	
      5.1390183760460e-03	
     -2.0809319446866e-02	
      3.5192587748604e-03	
     -1.5288442245021e-02	
      2.1814229315339e-03	
     -9.9277720430685e-03	
      1.1713763320074e-03	
     -4.8083854633063e-03	
      4.7918982722782e-04	
      0.0000000000000e+00	
      0.0000000000000e+00	
     -2.7802360324168e-01	
      1.1826389581382e-02	
     -2.3017787598489e-01	
      1.1144517431414e-02	
     -1.9351628041115e-01	
      9.9281157080386e-03	
     -1.6551174821143e-01	
      8.2579465953211e-03	
     -1.4404158705031e-01	
      6.5840220412962e-03	
     -1.2728237622722e-01	
      5.2840545618271e-03	
     -1.1382130885135e-01	
      4.5389689596975e-03	
     -1.0271163599018e-01	
      4.3930377495888e-03	
     -9.3386540823065e-02	
      4.8042703051784e-03	
     -8.5520582388800e-02	
      5.6638550975249e-03	
     -7.8923213179779e-02	
      6.8170423136325e-03	
     -7.3474048170324e-02	
      8.0888654449765e-03	
     -6.9075585242488e-02	
      9.3103669169615e-03	
     -6.5614534042889e-02	
      1.0347549418804e-02	
     -6.2946675980492e-02	
      1.1129083040081e-02	
     -6.0912240594148e-02	
      1.1654908373581e-02	
     -5.9363164740056e-02	
      1.1974337831115e-02	
     -5.8179753018116e-02	
      1.2150735014173e-02	
     -5.7272039836173e-02	
      1.2238077366541e-02	
     -5.6573830964937e-02	
      1.2274076216608e-02	
     -5.6035906034025e-02	
      1.2282485644859e-02	
     -5.0631487751837e-02	
      1.1503386521862e-02	
     -4.4846242405641e-02	
      9.6398391379372e-03	
     -3.8799914230437e-02	
      7.4452746334639e-03	
     -3.2744378263574e-02	
      5.3353641653439e-03	
     -2.6817088578164e-02	
      3.4507515993728e-03	
     -2.1047258412873e-02	
      1.8644948691289e-03	
     -1.5430516421047e-02	
      6.6450141826942e-04	
     -9.9868029747367e-03	
     -4.7097867322749e-05	
     -4.8000927587634e-03	
     -2.2668723211111e-04	
      0.0000000000000e+00	
      0.0000000000000e+00	
     -2.7799470769047e-01	
      1.1034716960814e-02	
     -2.3016922304526e-01	
      1.0384298700587e-02	
     -1.9359518495059e-01	
      9.2157714977345e-03	
     -1.6578345449746e-01	
      7.5992972467907e-03	
     -1.4461819146683e-01	
      5.9421332111470e-03	
     -1.2825898557552e-01	
      4.5882079783107e-03	
     -1.1526187188151e-01	
      3.7201192895425e-03	
     -1.0463970563754e-01	
      3.4129633262325e-03	
     -9.5780606699974e-02	
      3.6624996594026e-03	
     -8.8312158893593e-02	
      4.3918718960853e-03	
     -8.1997201550930e-02	
      5.4735548474480e-03	
     -7.6678785185596e-02	
      6.7591627976553e-03	
     -7.2253554682767e-02	
      8.1006792913032e-03	
     -6.8648157787223e-02	
      9.3622105102230e-03	
     -6.5788390748448e-02	
      1.0432730842959e-02	
     -6.3575507992972e-02	
      1.1246242714205e-02	
     -6.1888590245494e-02	
      1.1797365037298e-02	
     -6.0607027314081e-02	
      1.2131177183153e-02	
     -5.9629922248678e-02	
      1.2311497993482e-02	
     -5.8880753383045e-02	
      1.2395906312831e-02	
     -5.8304111886238e-02	
      1.2425591607049e-02	
     -5.2317282673738e-02	
      1.1184977400703e-02	
     -4.5758148528223e-02	
      8.6513412794493e-03	
     -3.9116800501164e-02	
      6.1577841059612e-03	
     -3.2768980523430e-02	
      3.9800087163823e-03	
     -2.6741912637304e-02	
      2.1032511923943e-03	
     -2.0977020086035e-02	
      5.5754552567443e-04	
     -1.5411981899028e-02	
     -5.6460823575388e-04	
     -9.9960029479714e-03	
     -1.0987591609446e-03	
     -4.7887525503920e-03	
     -8.7174244263235e-04	
      0.0000000000000e+00	
      0.0000000000000e+00	
     -2.7797522856126e-01	
      1.0469302000984e-02	
     -2.3016445073963e-01	
      9.8430168986707e-03	
     -1.9365253090493e-01	
      8.7124157921816e-03	
     -1.6597714470290e-01	
      7.1402146690557e-03	
     -1.4503038825920e-01	
      5.5032286465617e-03	
     -1.2896528307224e-01	
      4.1211045042217e-03	
     -1.1632094385804e-01	
      3.1762830389226e-03	
     -1.0608604765729e-01	
      2.7634343103182e-03	
     -9.7622108536952e-02	
      2.9022234853299e-03	
     -9.0530094190881e-02	
      3.5342059967712e-03	
     -8.4544318992947e-02	
      4.5447092160824e-03	
     -7.9474869876425e-02	
      5.7980108285920e-03	
     -7.5184273553603e-02	
      7.1636410337062e-03	
     -7.1579435846891e-02	
      8.5265171153268e-03	
     -6.8602642799908e-02	
      9.7859279922115e-03	
     -6.6209643577423e-02	
      1.0855094943104e-02	
     -6.4341038514471e-02	
      1.1673490078907e-02	
     -6.2911188895774e-02	
      1.2229015422717e-02	
     -6.1824168923738e-02	
      1.2561680226367e-02	
     -6.0996274324118e-02	
      1.2733198369137e-02	
     -6.0361161812790e-02	
      1.2803461873893e-02	
     -5.3452988987211e-02	
      1.0772362443884e-02	
     -4.5944167023624e-02	
      7.6301199838570e-03	
     -3.8885342042234e-02	
      5.0729519778950e-03	
     -3.2441157484488e-02	
      2.9328526261774e-03	
     -2.6424929551297e-02	
      1.0964904528692e-03	
     -2.0742648951436e-02	
     -4.0551350672996e-04	
     -1.5315592127139e-02	
     -1.4853129769408e-03	
     -1.0029572300212e-02	
     -1.9509310813838e-03	
     -4.8314270837586e-03	
     -1.4539218772851e-03	
      0.0000000000000e+00	
      0.0000000000000e+00	
     -2.7796192018160e-01	
      1.0065479567200e-02	
     -2.3016169198977e-01	
      9.4572577030821e-03	
     -1.9369367913302e-01	
      8.3556196779261e-03	
     -1.6611453406438e-01	
      6.8180777857034e-03	
     -1.4532349577159e-01	
      5.1999157227314e-03	
     -1.2947158177881e-01	
      3.8035227883573e-03	
     -1.1708839521329e-01	
      2.8106850584645e-03	
     -1.0714765335323e-01	
      2.3291198993050e-03	
     -9.8994949056025e-02	
      2.3947133659696e-03	
     -9.2217188608451e-02	
      2.9610407013253e-03	
     -8.6535393610450e-02	
      3.9201098012307e-03	
     -8.1743629758744e-02	
      5.1402860988586e-03	
     -7.7681922202221e-02	
      6.4967604936497e-03	
     -7.4227007373990e-02	
      7.8859850038808e-03	
     -7.1291486325073e-02	
      9.2262189061004e-03	
     -6.8824546410631e-02	
      1.0449041686118e-02	
     -6.6801708092360e-02	
      1.1489575740128e-02	
     -6.5196493512753e-02	
      1.2289711906861e-02	
     -6.3954622135082e-02	
      1.2827084852671e-02	
     -6.3000119332144e-02	
      1.3143387086725e-02	
     -6.2270778926136e-02	
      1.3296711253044e-02	
     -5.3920661757710e-02	
      1.0162108152645e-02	
     -4.5564215273797e-02	
      6.6951764558513e-03	
     -3.8425993677767e-02	
      4.2522650517274e-03	
     -3.1996297755305e-02	
      2.1623683541824e-03	
     -2.6033465470295e-02	
      3.7083074665145e-04	
     -2.0452104495727e-02	
     -1.0917873111077e-03	
     -1.5174494433730e-02	
     -2.1379864937300e-03	
     -1.0095422352417e-02	
     -2.5954218042628e-03	
     -4.9746889342067e-03	
     -1.9773954978773e-03	
      0.0000000000000e+00	
      0.0000000000000e+00	
     -2.7795272699125e-01	
      9.7770620021910e-03	
     -2.3016002801590e-01	
      9.1821532400215e-03	
     -1.9372305363778e-01	
      8.1021445317980e-03	
     -1.6621190415443e-01	
      6.5909076774433e-03	
     -1.4553163238943e-01	
      4.9885112193369e-03	
     -1.2983312388997e-01	
      3.5851172286484e-03	
     -1.1764041690317e-01	
      2.5618162331025e-03	
     -1.0791760810299e-01	
      2.0352765803516e-03	
     -1.0000034198622e-01	
      2.0528121580682e-03	
     -9.3467953202345e-02	
      2.5765801399567e-03	
     -8.8036118660656e-02	
      3.5030646911148e-03	
     -8.3493819195750e-02	
      4.7022665720470e-03	
     -7.9673537193275e-02	
      6.0501610282919e-03	
     -7.6438542902868e-02	
      7.4453942456489e-03	
     -7.3677779213214e-02	
      8.8130722872343e-03	
     -7.1306039876877e-02	
      1.0100186525209e-02	
     -6.9270181619922e-02	
      1.1264357508597e-02	
     -6.7553271792979e-02	
      1.2257675774419e-02	
     -6.6156166348927e-02	
      1.3015851730544e-02	
     -6.5055170255772e-02	
      1.3487566787503e-02	
     -6.4172558232577e-02	
      1.3756525195624e-02	
     -5.3585920348550e-02	
      9.3763408015379e-03	
     -4.4968340461360e-02	
      5.9838535516505e-03	
     -3.7963162606420e-02	
      3.6649155571373e-03	
     -3.1553626073505e-02	
      1.6056271462183e-03	
     -2.5661596464665e-02	
     -1.4284769797436e-04	
     -2.0171533128700e-02	
     -1.5761908596316e-03	
     -1.5014161442031e-02	
     -2.5917802337442e-03	
     -1.0146464778444e-02	
     -3.0439606653909e-03	
     -5.2492574665182e-03	
     -2.4396240293015e-03	
      0.0000000000000e+00	
      0.0000000000000e+00	
     -2.7794632126528e-01	
      9.5710645221858e-03	
     -2.3015898673765e-01	
      8.9858706617561e-03	
     -1.9374398654293e-01	
      7.9217857558202e-03	
     -1.6628096471873e-01	
      6.4301264938662e-03	
     -1.4567947246108e-01	
      4.8401964952009e-03	
     -1.3009093403350e-01	
      3.4334936249421e-03	
     -1.1803600204662e-01	
      2.3905107167418e-03	
     -1.0847238284604e-01	
      1.8341547942716e-03	
     -1.0072922925678e-01	
      1.8199123960559e-03	
     -9.4381554338418e-02	
      2.3162743992231e-03	
     -8.9143133751287e-02	
      3.2231888383297e-03	
     -8.4802538048980e-02	
      4.4119614456833e-03	
     -8.1192148724193e-02	
      5.7588090833780e-03	
     -7.8174082100001e-02	
      7.1624384727585e-03	
     -7.5632585843337e-02	
      8.5486834753971e-03	
     -7.3468722391923e-02	
      9.8679958208982e-03	
     -7.1598117810806e-02	
      1.1089154370764e-02	
     -6.9955545827104e-02	
      1.2187291870578e-02	
     -6.8507662027447e-02	
      1.3121186902563e-02	
     -6.7261954330120e-02	
      1.3796128908317e-02	
     -6.6250469780679e-02	
      1.4009926473286e-02	
     -5.2371386702608e-02	
      8.5253832301693e-03	
     -4.4570271016355e-02	
      5.5579227073494e-03	
     -3.7517502901234e-02	
      3.2240234704923e-03	
     -3.1181543432790e-02	
      1.2153848567879e-03	
     -2.5344608470511e-02	
     -5.0758373690420e-04	
     -1.9926548667633e-02	
     -1.9147320065778e-03	
     -1.4875079258308e-02	
     -2.9147551561553e-03	
     -1.0120837440571e-02	
     -3.3275414697581e-03	
     -5.6588963456000e-03	
     -2.8330367741422e-03	
      0.0000000000000e+00	
      0.0000000000000e+00	
     -2.7793194045884e-01	
      9.0917383711705e-03	
     -2.3015701406039e-01	
      8.5297962333952e-03	
     -1.9379242449537e-01	
      7.5042717983102e-03	
     -1.6643979642285e-01	
      6.0606988187947e-03	
     -1.4602020438401e-01	
      4.5037343791244e-03	
     -1.3068825354056e-01	
      3.0950076218265e-03	
     -1.1895846036532e-01	
      2.0133473738802e-03	
     -1.0977494826283e-01	
      1.3957768168860e-03	
     -1.0245323366454e-01	
      1.3171066481181e-03	
     -9.6560810003239e-02	
      1.7618573896435e-03	
     -9.1811443858104e-02	
      2.6402139693469e-03	
     -8.8000026177130e-02	
      3.8296510620010e-03	
     -8.4970534698263e-02	
      5.2114730429521e-03	
     -8.2602180283426e-02	
      6.6912202122787e-03	
     -8.0803415901847e-02	
      8.2058072801781e-03	
     -7.9507535903106e-02	
      9.7232582212824e-03	
     -7.8664799340012e-02	
      1.1239882346225e-02	
     -7.8228871401987e-02	
      1.2780424450174e-02	
     -7.8141277027920e-02	
      1.4406405844807e-02	
     -7.8323723810564e-02	
      1.6228739217735e-02	
     -7.8688397947720e-02	
      1.8411566576034e-02	
     -2.7791829590958e-01	
      8.6124918075572e-03	
     -2.3015560863309e-01	
      8.0746808225143e-03	
     -1.9384022511932e-01	
      7.0897793938879e-03	
     -1.6659537681123e-01	
      5.6978032785364e-03	
     -1.4635499276520e-01	
      4.1794117629601e-03	
     -1.3127933936368e-01	
      2.7768511213854e-03	
     -1.1987895793598e-01	
      1.6669356779567e-03	
     -1.1108564099999e-01	
      1.0002814260437e-03	
     -1.0420210476187e-01	
      8.7159732649038e-04	
     -9.8789376893613e-02	
      1.2835631728577e-03	
     -9.4562422074406e-02	
      2.1601211969905e-03	
     -9.1322590651365e-02	
      3.3896838977226e-03	
     -8.8921345796563e-02	
      4.8643312329445e-03	
     -8.7239473385488e-02	
      6.5012297047744e-03	
     -8.6169355240962e-02	
      8.2468298845639e-03	
     -8.5596695565285e-02	
      1.0068129027592e-02	
     -8.5388444848639e-02	
      1.1935868885853e-02	
     -8.5396439277270e-02	
      1.3803181494906e-02	
     -8.5477268854292e-02	
      1.5580460514790e-02	
     -8.5517052666028e-02	
      1.7115199190149e-02	
     -8.5445762620404e-02	
      1.8199460153013e-02	
     -2.7790539201929e-01	
      8.1333303699393e-03	
     -2.3015470455150e-01	
      7.6204958694889e-03	
     -1.9388711439183e-01	
      6.6782195009513e-03	
     -1.6674701276969e-01	
      5.3413008820521e-03	
     -1.4668233248333e-01	
      3.8671548074887e-03	
     -1.3186119681250e-01	
      2.4792232030533e-03	
     -1.2079195435852e-01	
      1.3519763992975e-03	
     -1.1239458555925e-01	
      6.4906288978120e-04	
     -1.0595823697634e-01	
      4.8560648846258e-04	
     -1.0103524124198e-01	
      8.8436462831709e-04	
     -9.7336583294956e-02	
      1.7855785837345e-03	
     -9.4658376114941e-02	
      3.0899880257288e-03	
     -9.2835848800997e-02	
      4.6968642030686e-03	
     -9.1712132439907e-02	
      6.5194803395997e-03	
     -9.1118580642612e-02	
      8.4787625006295e-03	
     -9.0874551265699e-02	
      1.0486434548377e-02	
     -9.0810241963168e-02	
      1.2433808138638e-02	
     -9.0799259376226e-02	
      1.4200557479173e-02	
     -9.0779087387147e-02	
      1.5691071842972e-02	
     -9.0746817483886e-02	
      1.6886961427390e-02	
     -9.0734993282634e-02	
      1.7876389220334e-02	
     -2.7789323186701e-01	
      7.6542582542785e-03	
     -2.3015423739378e-01	
      7.1672093543274e-03	
     -1.9393282847303e-01	
      6.2694925503680e-03	
     -1.6689402897236e-01	
      4.9910252654408e-03	
     -1.4700072444891e-01	
      3.5668206010725e-03	
     -1.3243078541688e-01	
      2.2021683223675e-03	
     -1.2169175336300e-01	
      1.0688432608227e-03	
     -1.1369155962340e-01	
      3.4279102085663e-04	
     -1.0770339852940e-01	
      1.5964490020386e-04	
     -1.0326561707373e-01	
      5.6309593536140e-04	
     -1.0007509681641e-01	
      1.5094464427421e-03	
     -9.7905384445796e-02	
      2.9068007820581e-03	
     -9.6552694605046e-02	
      4.6471073203579e-03	
     -9.5807905176415e-02	
      6.6141186295818e-03	
     -9.5458783917659e-02	
      8.6771292739760e-03	
     -9.5318708823131e-02	
      1.0692679603666e-02	
     -9.5258787392417e-02	
      1.2528550404032e-02	
     -9.5216918840382e-02	
      1.4101254283974e-02	
     -9.5177690646763e-02	
      1.5395680421704e-02	
     -9.5140433372698e-02	
      1.6440491208939e-02	
     -9.5097841937487e-02	
      1.7256944840844e-02	
     -2.7788181736889e-01	
      7.1752783235153e-03	
     -2.3015414456737e-01	
      6.7147859618888e-03	
     -1.9397711443736e-01	
      5.8634888189366e-03	
     -1.6703577046555e-01	
      4.6467827615623e-03	
     -1.4730868466739e-01	
      3.2781955247528e-03	
     -1.3298504456477e-01	
      1.9455709490907e-03	
     -1.2257257366797e-01	
      8.1757239724987e-04	
     -1.1496620641396e-01	
      8.1399491747065e-05	
     -1.0941939993395e-01	
     -1.0745561344342e-04	
     -1.0544903859989e-01	
      3.1482142423499e-04	
     -1.0272594935659e-01	
      1.3169497061836e-03	
     -1.0098687668493e-01	
      2.8044272641920e-03	
     -9.9982680771515e-02	
      4.6454588673462e-03	
     -9.9468674390936e-02	
      6.6811392832614e-03	
     -9.9230184097571e-02	
      8.7381192590811e-03	
     -9.9115008236810e-02	
      1.0659225087343e-02	
     -9.9041911938237e-02	
      1.2340529716261e-02	
     -9.8980352988273e-02	
      1.3745143111750e-02	
     -9.8922528443426e-02	
      1.4883151218675e-02	
     -9.8867904343771e-02	
      1.5784823713442e-02	
     -9.8820823150711e-02	
      1.6493614106261e-02	
     -2.7787114943518e-01	
      6.6963921281416e-03	
     -2.3015436563618e-01	
      6.2631872522888e-03	
     -1.9401973097261e-01	
      5.4600888323739e-03	
     -1.6717160528977e-01	
      4.3083526528433e-03	
     -1.4760475362097e-01	
      3.0009942808314e-03	
     -1.3352092004724e-01	
      1.7091523020781e-03	
     -1.2342862143458e-01	
      5.9785973725910e-04	
     -1.1620824656998e-01	
     -1.3589305721459e-04	
     -1.1108872808205e-01	
     -3.1837915322385e-04	
     -1.0755713402337e-01	
      1.3167156526081e-04	
     -1.0524794377790e-01	
      1.1891308508918e-03	
     -1.0385556615487e-01	
      2.7461471767755e-03	
     -1.0309539149830e-01	
      4.6380439135843e-03	
     -1.0271428226048e-01	
      6.6685921503359e-03	
     -1.0252221450492e-01	
      8.6477308801727e-03	
     -1.0240683631553e-01	
      1.0434814974490e-02	
     -1.0231788725342e-01	
      1.1960105646587e-02	
     -1.0223913787774e-01	
      1.3212964288784e-02	
     -1.0216797169275e-01	
      1.4216664068178e-02	
     -1.0210554530949e-01	
      1.5009090702881e-02	
     -1.0205180085061e-01	
      1.5628149611571e-02	
     -2.7786122812302e-01	
      6.2175999371801e-03	
     -2.3015484262806e-01	
      5.8123718359671e-03	
     -1.9406044904561e-01	
      5.0591637980719e-03	
     -1.6730092711372e-01	
      3.9754876138872e-03	
     -1.4788750587337e-01	
      2.7348596096393e-03	
     -1.3403539116780e-01	
      1.4924692153777e-03	
     -1.2425416248945e-01	
      4.0906614098868e-04	
     -1.1740767946230e-01	
     -3.1053157352702e-04	
     -1.1269509371165e-01	
     -4.7705631083957e-04	
     -1.0956585273415e-01	
      3.9528483840615e-06	
     -1.0761194431915e-01	
      1.1063535319343e-03	
     -1.0648895124004e-01	
      2.7014374163753e-03	
     -1.0589410218116e-01	
      4.5923942470450e-03	
     -1.0558718051039e-01	
      6.5611701606734e-03	
     -1.0541163616326e-01	
      8.4228916211825e-03	
     -1.0528745482436e-01	
      1.0063056413402e-02	
     -1.0518358268556e-01	
      1.1438825491880e-02	
     -1.0509172402076e-01	
      1.2556254320324e-02	
     -1.0501106329719e-01	
      1.3445652948910e-02	
     -1.0494183477777e-01	
      1.4144486054990e-02	
     -1.0488401728300e-01	
      1.4689429322653e-02	
     -2.7785205278410e-01	
      5.7389007789915e-03	
     -2.3015552032234e-01	
      5.3622955529365e-03	
     -1.9409905253357e-01	
      4.6605760675457e-03	
     -1.6742315785311e-01	
      3.6479143480949e-03	
     -1.4815555979914e-01	
      2.4793627128770e-03	
     -1.3452549806255e-01	
      1.2949151230247e-03	
     -1.2504359257168e-01	
      2.5022980196149e-04	
     -1.1855496447691e-01	
     -4.4454762878511e-04	
     -1.1422385161345e-01	
     -5.8832461252947e-04	
     -1.1145602983390e-01	
     -7.8704912261396e-05	
     -1.0979979654279e-01	
      1.0508950710921e-03	
     -1.0888131967053e-01	
      2.6484886212638e-03	
     -1.0839646005246e-01	
      4.4930750546675e-03	
     -1.0812956741847e-01	
      6.3611566877452e-03	
     -1.0795647875574e-01	
      8.0852141238882e-03	
     -1.0782114499801e-01	
      9.5765565974772e-03	
     -1.0770452247537e-01	
      1.0812124217751e-02	
     -1.0760235268042e-01	
      1.1807873934133e-02	
     -1.0751430215164e-01	
      1.2596538260423e-02	
     -1.0744019527097e-01	
      1.3214536993289e-02	
     -1.0737908131602e-01	
      1.3695556776145e-02	
     -2.7784362220604e-01	
      5.2602924912968e-03	
     -2.3015634651764e-01	
      4.9129116558087e-03	
     -1.9413533881962e-01	
      4.2641796280804e-03	
     -1.6753775024746e-01	
      3.3253344204222e-03	
     -1.4840758733217e-01	
      2.2340043934457e-03	
     -1.3498836889265e-01	
      1.1157231136253e-03	
     -1.2579150392139e-01	
      1.2008508616849e-04	
     -1.1964117452058e-01	
     -5.4046349423014e-04	
     -1.1566226736103e-01	
     -6.5756226765264e-04	
     -1.1321331792277e-01	
     -1.2637409237059e-04	
     -1.1180199173688e-01	
      1.0083053931926e-03	
     -1.1103655829618e-01	
      2.5736003020522e-03	
     -1.1062402976470e-01	
      4.3353845229739e-03	
     -1.1037742659878e-01	
      6.0774479532359e-03	
     -1.1020035030709e-01	
      7.6544179642492e-03	
     -1.1005394577338e-01	
      8.9998132964833e-03	
     -1.0992663716369e-01	
      1.0104371402920e-02	
     -1.0981626663395e-01	
      1.0989453391548e-02	
     -1.0972250006698e-01	
      1.1688034372458e-02	
     -1.0964453385532e-01	
      1.2234260669575e-02	
     -1.0958089011448e-01	
      1.2658882826331e-02	
     -2.7783593474666e-01	
      4.7817717797808e-03	
     -2.3015727227969e-01	
      4.4641709962383e-03	
     -1.9416911935127e-01	
      3.8698206227421e-03	
     -1.6764419036851e-01	
      3.0074252860329e-03	
     -1.4864232362449e-01	
      1.9982169136232e-03	
     -1.3542124658271e-01	
      9.5397097166066e-04	
     -1.2649274668571e-01	
      1.7086684897637e-05	
     -1.2065811625664e-01	
     -6.0118485786634e-04	
     -1.1699962175780e-01	
     -6.9033975315926e-04	
     -1.1482765275297e-01	
     -1.4814686899153e-04	
     -1.1361510550140e-01	
      9.6774422160025e-04	
     -1.1296319133500e-01	
      2.4693632201565e-03	
     -1.1259774288904e-01	
      4.1205622521193e-03	
     -1.1236008928624e-01	
      5.7207092160653e-03	
     -1.1217633467041e-01	
      7.1471286584660e-03	
     -1.1201980748030e-01	
      8.3512470111892e-03	
     -1.1188362643022e-01	
      9.3330521564238e-03	
     -1.1176667803584e-01	
      1.0116407594004e-02	
     -1.1166836360215e-01	
      1.0733067316465e-02	
     -1.1158735597661e-01	
      1.1214470820272e-02	
     -1.1152168857002e-01	
      1.1588334674499e-02	
     -2.7782898846035e-01	
      4.3033342846428e-03	
     -2.3015825216926e-01	
      4.0160222144354e-03	
     -1.9420022016082e-01	
      3.4773378977475e-03	
     -1.6774200003254e-01	
      2.6938415114547e-03	
     -1.4885857650898e-01	
      1.7713665686539e-03	
     -1.3582151476460e-01	
      8.0858807576284e-04	
     -1.2714248399692e-01	
     -6.0562190219793e-05	
     -1.2159841348206e-01	
     -6.2989053910992e-04	
     -1.1822716672990e-01	
     -6.9212563018466e-04	
     -1.1629247749239e-01	
     -1.5175868099441e-04	
     -1.1523960620330e-01	
      9.2170199777492e-04	
     -1.1467142734077e-01	
      2.3327833510166e-03	
     -1.1433624939525e-01	
      3.8528371880657e-03	
     -1.1410112311973e-01	
      5.3014231245291e-03	
     -1.1390987093140e-01	
      6.5770212589680e-03	
     -1.1374444208683e-01	
      7.6449795520528e-03	
     -1.1360091942359e-01	
      8.5111792530918e-03	
     -1.1347864946861e-01	
      9.2000279583223e-03	
     -1.1337668979358e-01	
      9.7411987568837e-03	
     -1.1329323957432e-01	
      1.0163147997986e-02	
     -1.1322594642733e-01	
      1.0490590795111e-02	
     -2.7782278121569e-01	
      3.8249746544431e-03	
     -2.3015924445011e-01	
      3.5684119314292e-03	
     -1.9422848234658e-01	
      3.0865635759133e-03	
     -1.6783073909036e-01	
      2.3842161821521e-03	
     -1.4905523565880e-01	
      1.5527569661262e-03	
     -1.3618672259525e-01	
      6.7836398760994e-04	
     -1.2773623994753e-01	
     -1.1487891084383e-04	
     -1.2245555237557e-01	
     -6.2992769690758e-04	
     -1.1933796709321e-01	
     -6.6806720790160e-04	
     -1.1760391930458e-01	
     -1.4346124984213e-04	
     -1.1667821528515e-01	
      8.6545495502627e-04	
     -1.1617155597020e-01	
      2.1637780698144e-03	
     -1.1585551409839e-01	
      3.5377632721975e-03	
     -1.1561940126010e-01	
      4.8291919746861e-03	
     -1.1542077325093e-01	
      5.9553278731811e-03	
     -1.1524769035521e-01	
      6.8920685991891e-03	
     -1.1509810914107e-01	
      7.6487234311291e-03	
     -1.1497151871460e-01	
      8.2489216395400e-03	
     -1.1486661445591e-01	
      8.7197063068376e-03	
     -1.1478119271665e-01	
      9.0864212596146e-03	
     -1.1471258216831e-01	
      9.3708311283521e-03	
     -2.7781731080392e-01	
      3.3466866265640e-03	
     -2.3016021127690e-01	
      3.1212849438398e-03	
     -1.9425376251354e-01	
      2.6973236544745e-03	
     -1.6791000757137e-01	
      2.0781624886820e-03	
     -1.4923128132751e-01	
      1.3416329900496e-03	
     -1.3651460816882e-01	
      5.6195855720468e-04	
     -1.2826993990436e-01	
     -1.4806926480124e-04	
     -1.2322389073901e-01	
     -6.0471990506392e-04	
     -1.2032667231220e-01	
     -6.2285000075161e-04	
     -1.1876003898333e-01	
     -1.2806552752572e-04	
     -1.1793477457836e-01	
      7.9647211578885e-04	
     -1.1747314214892e-01	
      1.9640986633454e-03	
     -1.1716890747005e-01	
      3.1813314790610e-03	
     -1.1693003440761e-01	
      4.3125768917963e-03	
     -1.1672461874661e-01	
      5.2913487752740e-03	
     -1.1654506365692e-01	
      6.1013617234387e-03	
     -1.1639050601576e-01	
      6.7535458670284e-03	
     -1.1626040780444e-01	
      7.2698413968536e-03	
     -1.1615312242389e-01	
      7.6743151660952e-03	
     -1.1606610573487e-01	
      7.9891378543811e-03	
     -1.1599642709804e-01	
      8.2331867495734e-03	
     -2.7781257503730e-01	
      2.8684631135872e-03	
     -2.3016111886330e-01	
      2.6745844209504e-03	
     -1.9427593317211e-01	
      2.3094386252415e-03	
     -1.6797944766116e-01	
      1.7752754816748e-03	
     -1.4938579254980e-01	
      1.1371854169195e-03	
     -1.3680312029236e-01	
      4.5791337481261e-04	
     -1.2873994282480e-01	
     -1.6249550490194e-04	
     -1.2389863696659e-01	
     -5.5769318151121e-04	
     -1.2118925967655e-01	
     -5.6062795246643e-04	
     -1.1976020624511e-01	
     -1.0908244527474e-04	
     -1.1901350292280e-01	
      7.1387993100163e-04	
     -1.1858466222511e-01	
      1.7366048892253e-03	
     -1.1828746223735e-01	
      2.7895237939276e-03	
     -1.1804510705504e-01	
      3.7591517853675e-03	
     -1.1783371359869e-01	
      4.5928855522456e-03	
     -1.1764877462634e-01	
      5.2800956642292e-03	
     -1.1749016349899e-01	
      5.8320063659196e-03	
     -1.1735723256131e-01	
      6.2682363816737e-03	
     -1.1724802953130e-01	
      6.6096545943761e-03	
     -1.1715972802280e-01	
      6.8752385107935e-03	
     -1.1708918714916e-01	
      7.0810407575474e-03	
     -2.7780857183717e-01	
      2.3902962949074e-03	
     -2.3016193763013e-01	
      2.2282521038465e-03	
     -1.9429488309356e-01	
      1.9227241150073e-03	
     -1.6803874549272e-01	
      1.4751339831189e-03	
     -1.4951795468789e-01	
      9.3855614324058e-04	
     -1.3705043840668e-01	
      3.6466439553310e-04	
     -1.2914306562743e-01	
     -1.6064601014881e-04	
     -1.2447580699492e-01	
     -4.9222234838568e-04	
     -1.2192278034718e-01	
     -4.8501059698254e-04	
     -1.2060460906685e-01	
     -8.8908545759701e-05	
     -1.1991852625922e-01	
      6.1802159994018e-04	
     -1.1951337328864e-01	
      1.4847965488821e-03	
     -1.1922015755750e-01	
      2.3681107440017e-03	
     -1.1897423881076e-01	
      3.1756340286360e-03	
     -1.1875777274754e-01	
      3.8665883535470e-03	
     -1.1856844418873e-01	
      4.4343220258755e-03	
     -1.1840657890503e-01	
      4.8893806234200e-03	
     -1.1827138826780e-01	
      5.2486193153980e-03	
     -1.1816065858136e-01	
      5.5295672565205e-03	
     -1.1807133384084e-01	
      5.7480097101756e-03	
     -1.1800010516293e-01	
      5.9172320824663e-03	
     -2.7780529931119e-01	
      1.9121777129291e-03	
     -2.3016264233353e-01	
      1.7822285063414e-03	
     -1.9431051762137e-01	
      1.5369915441769e-03	
     -1.6808763273268e-01	
      1.1773026383195e-03	
     -1.4962706622069e-01	
      7.4484397894917e-04	
     -1.3725499042185e-01	
      2.8055554783447e-04	
     -1.2947660019549e-01	
     -1.4510767923724e-04	
     -1.2495216832194e-01	
     -4.1159770219730e-04	
     -1.2252512830394e-01	
     -3.9909233382164e-04	
     -1.2129388359979e-01	
     -6.9022863802393e-05	
     -1.2065359000810e-01	
      5.1011307114330e-04	
     -1.2026529812455e-01	
      1.2125214688916e-03	
     -1.1997417741465e-01	
      1.9225806068245e-03	
     -1.1972500510836e-01	
      2.5680335582307e-03	
     -1.1950440310437e-01	
      3.1182298748831e-03	
     -1.1931159602805e-01	
      3.5692172852615e-03	
     -1.1914718119519e-01	
      3.9301542509242e-03	
     -1.1901022846999e-01	
      4.2148236322850e-03	
     -1.1889831002237e-01	
      4.4373245644593e-03	
     -1.1880818826374e-01	
      4.6102609687262e-03	
     -1.1873642312789e-01	
      4.7442005252202e-03	
     -2.7780275581936e-01	
      1.4340983732023e-03	
     -2.3016321217312e-01	
      1.3364531173830e-03	
     -1.9432275893788e-01	
      1.1520488015715e-03	
     -1.6812588794549e-01	
      8.8133409034344e-04	
     -1.4971254468303e-01	
      5.5511095551551e-04	
     -1.3741546823034e-01	
      2.0385312514232e-04	
     -1.2973832409939e-01	
     -1.1854176303855e-04	
     -1.2532517958297e-01	
     -3.1901025946422e-04	
     -1.2299484278841e-01	
     -3.0551072141334e-04	
     -1.2182884365428e-01	
     -5.0176481403695e-05	
     -1.2122188858531e-01	
      3.9198284191283e-04	
     -1.2084526148031e-01	
      9.2380046212658e-04	
     -1.2055512587948e-01	
      1.4581384721570e-03	
     -1.2030324882376e-01	
      1.9417974104092e-03	
     -1.2007944879492e-01	
      2.3529225363409e-03	
     -1.1988400584394e-01	
      2.6893143369749e-03	
     -1.1971767496986e-01	
      2.9582375037191e-03	
     -1.1957940253059e-01	
      3.1701895291326e-03	
     -1.1946659467357e-01	
      3.3357827866130e-03	
     -1.1937587642879e-01	
      3.4644539708109e-03	
     -1.1930370940218e-01	
      3.5640932972668e-03	
     -2.7780094002874e-01	
      9.5604884785045e-04	
     -2.3016363088008e-01	
      8.9086460464750e-04	
     -1.9433154628513e-01	
      7.6770093320833e-04	
     -1.6815333772237e-01	
      5.8677125718072e-04	
     -1.4977393167040e-01	
      3.6838908904367e-04	
     -1.3753084067785e-01	
      1.3276076174950e-04	
     -1.2992650646606e-01	
     -8.3663380176343e-05	
     -1.2559293275250e-01	
     -2.1755283722670e-04	
     -1.2333094838244e-01	
     -2.0652348689328e-04	
     -1.2221028868696e-01	
     -3.2566530746726e-05	
     -1.2162596792054e-01	
      2.6587828406348e-04	
     -1.2125694314173e-01	
      6.2272812174381e-04	
     -1.2096719655619e-01	
      9.7974146744189e-04	
     -1.2071330745756e-01	
      1.3019423105051e-03	
     -1.2048723663099e-01	
      1.5752934616693e-03	
     -1.2028994781305e-01	
      1.7986809115249e-03	
     -1.2012228286387e-01	
      1.9771277280673e-03	
     -1.1998309374818e-01	
      2.1177039632377e-03	
     -1.1986966853754e-01	
      2.2275005981301e-03	
     -1.1977853616925e-01	
      2.3128003590367e-03	
     -1.1970608991415e-01	
      2.3788464268413e-03	
     -2.7779985095629e-01	
      4.7801938163331e-04	
     -2.3016388678540e-01	
      4.4540101905795e-04	
     -1.9433683613869e-01	
      3.8375084261428e-04	
     -1.6816985756550e-01	
      2.9314969116126e-04	
     -1.4981089683038e-01	
      1.8368752759900e-04	
     -1.3760036381269e-01	
      6.5434814021021e-05	
     -1.3003991053405e-01	
     -4.3224523395523e-05	
     -1.2575410336324e-01	
     -1.1023377451050e-04	
     -1.2353283311552e-01	
     -1.0409682296968e-04	
     -1.2243887239784e-01	
     -1.5992934973941e-05	
     -1.2186767210750e-01	
      1.3432154095477e-04	
     -1.2150292969292e-01	
      3.1342176517512e-04	
     -1.2121329880438e-01	
      4.9215206728139e-04	
     -1.2095817389015e-01	
      6.5317465135030e-04	
     -1.2073074683701e-01	
      7.8962923278121e-04	
     -1.2053236511954e-01	
      9.0106219272205e-04	
     -1.2036391316594e-01	
      9.9003740214109e-04	
     -1.2022418409882e-01	
      1.0601105223363e-03	
     -1.2011039540641e-01	
      1.1148314786176e-03	
     -1.2001901917536e-01	
      1.1573389894073e-03	
     -1.1994640841293e-01	
      1.1902495519241e-03	
     -2.7779948799974e-01	
     -2.0854493640423e-14	
     -2.3016397286832e-01	
     -1.3377904953251e-14	
     -1.9433860233329e-01	
     -9.3318280490713e-15	
     -1.6817537252209e-01	
     -7.2663473371482e-15	
     -1.4982324077103e-01	
     -5.3588621775230e-15	
     -1.3762358828470e-01	
     -3.8628083904999e-15	
     -1.3007779432022e-01	
     -2.8995474089862e-15	
     -1.2580791254802e-01	
     -2.3049481765420e-15	
     -1.2360016326413e-01	
     -1.9262421069017e-15	
     -1.2251501824225e-01	
     -1.6151425827434e-15	
     -1.2194811590682e-01	
     -1.4566660250456e-15	
     -1.2158475568926e-01	
     -1.3595439392475e-15	
     -1.2129514452466e-01	
     -1.2704529275722e-15	
     -1.2103960322998e-01	
     -1.2024006329313e-15	
     -1.2081172522052e-01	
     -1.1580180925150e-15	
     -1.2061298162468e-01	
     -1.1254271380687e-15	
     -1.2044426954019e-01	
     -1.0923958380301e-15	
     -1.2030436213252e-01	
     -1.0611377399446e-15	
     -1.2019045341094e-01	
     -1.0235625727829e-15	
     -1.2009899664511e-01	
     -9.9431311040122e-16	
     -1.2002633154175e-01	
     -9.7313552418330e-16	
     -2.7779985095629e-01	
     -4.7801938167502e-04	
     -2.3016388678540e-01	
     -4.4540101908471e-04	
     -1.9433683613869e-01	
     -3.8375084263294e-04	
     -1.6816985756550e-01	
     -2.9314969117579e-04	
     -1.4981089683038e-01	
     -1.8368752760971e-04	
     -1.3760036381269e-01	
     -6.5434814028750e-05	
     -1.3003991053405e-01	
      4.3224523389726e-05	
     -1.2575410336324e-01	
      1.1023377450589e-04	
     -1.2353283311552e-01	
      1.0409682296583e-04	
     -1.2243887239785e-01	
      1.5992934970702e-05	
     -1.2186767210750e-01	
     -1.3432154095768e-04	
     -1.2150292969292e-01	
     -3.1342176517783e-04	
     -1.2121329880438e-01	
     -4.9215206728392e-04	
     -1.2095817389015e-01	
     -6.5317465135270e-04	
     -1.2073074683701e-01	
     -7.8962923278353e-04	
     -1.2053236511954e-01	
     -9.0106219272431e-04	
     -1.2036391316594e-01	
     -9.9003740214327e-04	
     -1.2022418409882e-01	
     -1.0601105223384e-03	
     -1.2011039540641e-01	
     -1.1148314786196e-03	
     -1.2001901917536e-01	
     -1.1573389894093e-03	
     -1.1994640841293e-01	
     -1.1902495519260e-03	
     -2.7780094002875e-01	
     -9.5604884789216e-04	
     -2.3016363088008e-01	
     -8.9086460467427e-04	
     -1.9433154628513e-01	
     -7.6770093322699e-04	
     -1.6815333772237e-01	
     -5.8677125719526e-04	
     -1.4977393167040e-01	
     -3.6838908905438e-04	
     -1.3753084067785e-01	
     -1.3276076175724e-04	
     -1.2992650646606e-01	
      8.3663380170544e-05	
     -1.2559293275250e-01	
      2.1755283722209e-04	
     -1.2333094838244e-01	
      2.0652348688943e-04	
     -1.2221028868696e-01	
      3.2566530743468e-05	
     -1.2162596792054e-01	
     -2.6587828406639e-04	
     -1.2125694314173e-01	
     -6.2272812174649e-04	
     -1.2096719655619e-01	
     -9.7974146744441e-04	
     -1.2071330745756e-01	
     -1.3019423105075e-03	
     -1.2048723663099e-01	
     -1.5752934616716e-03	
     -1.2028994781305e-01	
     -1.7986809115271e-03	
     -1.2012228286387e-01	
     -1.9771277280695e-03	
     -1.1998309374818e-01	
     -2.1177039632398e-03	
     -1.1986966853754e-01	
     -2.2275005981321e-03	
     -1.1977853616925e-01	
     -2.3128003590387e-03	
     -1.1970608991415e-01	
     -2.3788464268434e-03	
     -2.7780275581937e-01	
     -1.4340983732440e-03	
     -2.3016321217312e-01	
     -1.3364531174098e-03	
     -1.9432275893788e-01	
     -1.1520488015901e-03	
     -1.6812588794549e-01	
     -8.8133409035798e-04	
     -1.4971254468303e-01	
     -5.5511095552622e-04	
     -1.3741546823034e-01	
     -2.0385312515007e-04	
     -1.2973832409939e-01	
      1.1854176303274e-04	
     -1.2532517958297e-01	
      3.1901025945960e-04	
     -1.2299484278841e-01	
      3.0551072140949e-04	
     -1.2182884365428e-01	
      5.0176481400410e-05	
     -1.2122188858531e-01	
     -3.9198284191575e-04	
     -1.2084526148031e-01	
     -9.2380046212925e-04	
     -1.2055512587948e-01	
     -1.4581384721595e-03	
     -1.2030324882376e-01	
     -1.9417974104116e-03	
     -1.2007944879492e-01	
     -2.3529225363432e-03	
     -1.1988400584394e-01	
     -2.6893143369772e-03	
     -1.1971767496986e-01	
     -2.9582375037213e-03	
     -1.1957940253060e-01	
     -3.1701895291348e-03	
     -1.1946659467357e-01	
     -3.3357827866151e-03	
     -1.1937587642879e-01	
     -3.4644539708130e-03	
     -1.1930370940218e-01	
     -3.5640932972689e-03	
     -2.7780529931119e-01	
     -1.9121777129708e-03	
     -2.3016264233354e-01	
     -1.7822285063682e-03	
     -1.9431051762137e-01	
     -1.5369915441956e-03	
     -1.6808763273268e-01	
     -1.1773026383341e-03	
     -1.4962706622069e-01	
     -7.4484397895988e-04	
     -1.3725499042185e-01	
     -2.8055554784222e-04	
     -1.2947660019549e-01	
      1.4510767923143e-04	
     -1.2495216832194e-01	
      4.1159770219267e-04	
     -1.2252512830394e-01	
      3.9909233381778e-04	
     -1.2129388359980e-01	
      6.9022863799088e-05	
     -1.2065359000810e-01	
     -5.1011307114621e-04	
     -1.2026529812455e-01	
     -1.2125214688943e-03	
     -1.1997417741465e-01	
     -1.9225806068270e-03	
     -1.1972500510836e-01	
     -2.5680335582331e-03	
     -1.1950440310437e-01	
     -3.1182298748854e-03	
     -1.1931159602805e-01	
     -3.5692172852638e-03	
     -1.1914718119519e-01	
     -3.9301542509264e-03	
     -1.1901022846999e-01	
     -4.2148236322872e-03	
     -1.1889831002237e-01	
     -4.4373245644615e-03	
     -1.1880818826374e-01	
     -4.6102609687283e-03	
     -1.1873642312789e-01	
     -4.7442005252223e-03	
     -2.7780857183717e-01	
     -2.3902962949491e-03	
     -2.3016193763014e-01	
     -2.2282521038733e-03	
     -1.9429488309356e-01	
     -1.9227241150260e-03	
     -1.6803874549272e-01	
     -1.4751339831335e-03	
     -1.4951795468790e-01	
     -9.3855614325129e-04	
     -1.3705043840668e-01	
     -3.6466439554086e-04	
     -1.2914306562743e-01	
      1.6064601014299e-04	
     -1.2447580699492e-01	
      4.9222234838103e-04	
     -1.2192278034719e-01	
      4.8501059697866e-04	
     -1.2060460906686e-01	
      8.8908545756396e-05	
     -1.1991852625922e-01	
     -6.1802159994309e-04	
     -1.1951337328864e-01	
     -1.4847965488847e-03	
     -1.1922015755750e-01	
     -2.3681107440042e-03	
     -1.1897423881076e-01	
     -3.1756340286385e-03	
     -1.1875777274754e-01	
     -3.8665883535493e-03	
     -1.1856844418873e-01	
     -4.4343220258778e-03	
     -1.1840657890503e-01	
     -4.8893806234222e-03	
     -1.1827138826780e-01	
     -5.2486193154002e-03	
     -1.1816065858136e-01	
     -5.5295672565226e-03	
     -1.1807133384084e-01	
     -5.7480097101778e-03	
     -1.1800010516293e-01	
     -5.9172320824684e-03	
     -2.7781257503730e-01	
     -2.8684631136288e-03	
     -2.3016111886331e-01	
     -2.6745844209773e-03	
     -1.9427593317212e-01	
     -2.3094386252602e-03	
     -1.6797944766116e-01	
     -1.7752754816894e-03	
     -1.4938579254980e-01	
     -1.1371854169302e-03	
     -1.3680312029237e-01	
     -4.5791337482038e-04	
     -1.2873994282480e-01	
      1.6249550489609e-04	
     -1.2389863696659e-01	
      5.5769318150653e-04	
     -1.2118925967656e-01	
      5.6062795246253e-04	
     -1.1976020624511e-01	
      1.0908244527145e-04	
     -1.1901350292280e-01	
     -7.1387993100454e-04	
     -1.1858466222511e-01	
     -1.7366048892279e-03	
     -1.1828746223735e-01	
     -2.7895237939301e-03	
     -1.1804510705504e-01	
     -3.7591517853699e-03	
     -1.1783371359869e-01	
     -4.5928855522479e-03	
     -1.1764877462634e-01	
     -5.2800956642315e-03	
     -1.1749016349900e-01	
     -5.8320063659218e-03	
     -1.1735723256131e-01	
     -6.2682363816759e-03	
     -1.1724802953130e-01	
     -6.6096545943782e-03	
     -1.1715972802280e-01	
     -6.8752385107957e-03	
     -1.1708918714916e-01	
     -7.0810407575495e-03	
     -2.7781731080392e-01	
     -3.3466866266056e-03	
     -2.3016021127690e-01	
     -3.1212849438667e-03	
     -1.9425376251354e-01	
     -2.6973236544933e-03	
     -1.6791000757137e-01	
     -2.0781624886965e-03	
     -1.4923128132752e-01	
     -1.3416329900603e-03	
     -1.3651460816882e-01	
     -5.6195855721246e-04	
     -1.2826993990436e-01	
      1.4806926479537e-04	
     -1.2322389073901e-01	
      6.0471990505922e-04	
     -1.2032667231220e-01	
      6.2285000074770e-04	
     -1.1876003898333e-01	
      1.2806552752243e-04	
     -1.1793477457836e-01	
     -7.9647211579178e-04	
     -1.1747314214892e-01	
     -1.9640986633481e-03	
     -1.1716890747005e-01	
     -3.1813314790635e-03	
     -1.1693003440761e-01	
     -4.3125768917987e-03	
     -1.1672461874661e-01	
     -5.2913487752764e-03	
     -1.1654506365692e-01	
     -6.1013617234410e-03	
     -1.1639050601576e-01	
     -6.7535458670306e-03	
     -1.1626040780444e-01	
     -7.2698413968558e-03	
     -1.1615312242389e-01	
     -7.6743151660973e-03	
     -1.1606610573487e-01	
     -7.9891378543832e-03	
     -1.1599642709804e-01	
     -8.2331867495755e-03	
     -2.7782278121570e-01	
     -3.8249746544846e-03	
     -2.3015924445011e-01	
     -3.5684119314562e-03	
     -1.9422848234658e-01	
     -3.0865635759320e-03	
     -1.6783073909036e-01	
     -2.3842161821666e-03	
     -1.4905523565880e-01	
     -1.5527569661369e-03	
     -1.3618672259525e-01	
     -6.7836398761772e-04	
     -1.2773623994754e-01	
      1.1487891083791e-04	
     -1.2245555237557e-01	
      6.2992769690284e-04	
     -1.1933796709321e-01	
      6.6806720789767e-04	
     -1.1760391930458e-01	
      1.4346124983885e-04	
     -1.1667821528515e-01	
     -8.6545495502919e-04	
     -1.1617155597020e-01	
     -2.1637780698171e-03	
     -1.1585551409839e-01	
     -3.5377632722000e-03	
     -1.1561940126010e-01	
     -4.8291919746885e-03	
     -1.1542077325093e-01	
     -5.9553278731834e-03	
     -1.1524769035521e-01	
     -6.8920685991914e-03	
     -1.1509810914108e-01	
     -7.6487234311313e-03	
     -1.1497151871460e-01	
     -8.2489216395421e-03	
     -1.1486661445591e-01	
     -8.7197063068396e-03	
     -1.1478119271665e-01	
     -9.0864212596167e-03	
     -1.1471258216831e-01	
     -9.3708311283541e-03	
     -2.7782898846035e-01	
     -4.3033342846842e-03	
     -2.3015825216927e-01	
     -4.0160222144624e-03	
     -1.9420022016083e-01	
     -3.4773378977663e-03	
     -1.6774200003255e-01	
     -2.6938415114692e-03	
     -1.4885857650898e-01	
     -1.7713665686646e-03	
     -1.3582151476460e-01	
     -8.0858807577064e-04	
     -1.2714248399692e-01	
      6.0562190213831e-05	
     -1.2159841348207e-01	
      6.2989053910514e-04	
     -1.1822716672990e-01	
      6.9212563018071e-04	
     -1.1629247749239e-01	
      1.5175868099112e-04	
     -1.1523960620330e-01	
     -9.2170199777786e-04	
     -1.1467142734077e-01	
     -2.3327833510193e-03	
     -1.1433624939525e-01	
     -3.8528371880682e-03	
     -1.1410112311973e-01	
     -5.3014231245315e-03	
     -1.1390987093140e-01	
     -6.5770212589704e-03	
     -1.1374444208683e-01	
     -7.6449795520551e-03	
     -1.1360091942359e-01	
     -8.5111792530940e-03	
     -1.1347864946862e-01	
     -9.2000279583245e-03	
     -1.1337668979358e-01	
     -9.7411987568858e-03	
     -1.1329323957432e-01	
     -1.0163147997988e-02	
     -1.1322594642733e-01	
     -1.0490590795113e-02	
     -2.7783593474667e-01	
     -4.7817717798222e-03	
     -2.3015727227970e-01	
     -4.4641709962653e-03	
     -1.9416911935127e-01	
     -3.8698206227609e-03	
     -1.6764419036851e-01	
     -3.0074252860475e-03	
     -1.4864232362449e-01	
     -1.9982169136339e-03	
     -1.3542124658272e-01	
     -9.5397097166849e-04	
     -1.2649274668571e-01	
     -1.7086684903647e-05	
     -1.2065811625664e-01	
      6.0118485786151e-04	
     -1.1699962175780e-01	
      6.9033975315530e-04	
     -1.1482765275297e-01	
      1.4814686898822e-04	
     -1.1361510550140e-01	
     -9.6774422160320e-04	
     -1.1296319133500e-01	
     -2.4693632201592e-03	
     -1.1259774288904e-01	
     -4.1205622521218e-03	
     -1.1236008928624e-01	
     -5.7207092160677e-03	
     -1.1217633467041e-01	
     -7.1471286584684e-03	
     -1.1201980748030e-01	
     -8.3512470111914e-03	
     -1.1188362643022e-01	
     -9.3330521564260e-03	
     -1.1176667803584e-01	
     -1.0116407594007e-02	
     -1.1166836360215e-01	
     -1.0733067316467e-02	
     -1.1158735597661e-01	
     -1.1214470820274e-02	
     -1.1152168857002e-01	
     -1.1588334674501e-02	
     -2.7784362220604e-01	
     -5.2602924913381e-03	
     -2.3015634651765e-01	
     -4.9129116558358e-03	
     -1.9413533881962e-01	
     -4.2641796280992e-03	
     -1.6753775024746e-01	
     -3.3253344204367e-03	
     -1.4840758733218e-01	
     -2.2340043934564e-03	
     -1.3498836889265e-01	
     -1.1157231136332e-03	
     -1.2579150392139e-01	
     -1.2008508617454e-04	
     -1.1964117452058e-01	
      5.4046349422527e-04	
     -1.1566226736103e-01	
      6.5756226764866e-04	
     -1.1321331792277e-01	
      1.2637409236725e-04	
     -1.1180199173688e-01	
     -1.0083053931956e-03	
     -1.1103655829618e-01	
     -2.5736003020549e-03	
     -1.1062402976471e-01	
     -4.3353845229764e-03	
     -1.1037742659878e-01	
     -6.0774479532383e-03	
     -1.1020035030709e-01	
     -7.6544179642515e-03	
     -1.1005394577338e-01	
     -8.9998132964855e-03	
     -1.0992663716369e-01	
     -1.0104371402922e-02	
     -1.0981626663395e-01	
     -1.0989453391551e-02	
     -1.0972250006698e-01	
     -1.1688034372460e-02	
     -1.0964453385533e-01	
     -1.2234260669577e-02	
     -1.0958089011448e-01	
     -1.2658882826333e-02	
     -2.7785205278410e-01	
     -5.7389007790327e-03	
     -2.3015552032235e-01	
     -5.3622955529637e-03	
     -1.9409905253358e-01	
     -4.6605760675646e-03	
     -1.6742315785311e-01	
     -3.6479143481093e-03	
     -1.4815555979914e-01	
     -2.4793627128877e-03	
     -1.3452549806255e-01	
     -1.2949151230326e-03	
     -1.2504359257169e-01	
     -2.5022980196758e-04	
     -1.1855496447691e-01	
      4.4454762878019e-04	
     -1.1422385161345e-01	
      5.8832461252547e-04	
     -1.1145602983390e-01	
      7.8704912258015e-05	
     -1.0979979654280e-01	
     -1.0508950710951e-03	
     -1.0888131967053e-01	
     -2.6484886212665e-03	
     -1.0839646005246e-01	
     -4.4930750546700e-03	
     -1.0812956741847e-01	
     -6.3611566877476e-03	
     -1.0795647875574e-01	
     -8.0852141238905e-03	
     -1.0782114499801e-01	
     -9.5765565974795e-03	
     -1.0770452247537e-01	
     -1.0812124217753e-02	
     -1.0760235268042e-01	
     -1.1807873934135e-02	
     -1.0751430215164e-01	
     -1.2596538260425e-02	
     -1.0744019527098e-01	
     -1.3214536993291e-02	
     -1.0737908131602e-01	
     -1.3695556776147e-02	
     -2.7786122812302e-01	
     -6.2175999372211e-03	
     -2.3015484262806e-01	
     -5.8123718359944e-03	
     -1.9406044904561e-01	
     -5.0591637980909e-03	
     -1.6730092711373e-01	
     -3.9754876139016e-03	
     -1.4788750587338e-01	
     -2.7348596096500e-03	
     -1.3403539116780e-01	
     -1.4924692153857e-03	
     -1.2425416248945e-01	
     -4.0906614099483e-04	
     -1.1740767946230e-01	
      3.1053157352206e-04	
     -1.1269509371165e-01	
      4.7705631083555e-04	
     -1.0956585273415e-01	
     -3.9528483874721e-06	
     -1.0761194431915e-01	
     -1.1063535319373e-03	
     -1.0648895124004e-01	
     -2.7014374163781e-03	
     -1.0589410218116e-01	
     -4.5923942470475e-03	
     -1.0558718051039e-01	
     -6.5611701606757e-03	
     -1.0541163616326e-01	
     -8.4228916211847e-03	
     -1.0528745482436e-01	
     -1.0063056413404e-02	
     -1.0518358268556e-01	
     -1.1438825491883e-02	
     -1.0509172402076e-01	
     -1.2556254320326e-02	
     -1.0501106329719e-01	
     -1.3445652948912e-02	
     -1.0494183477777e-01	
     -1.4144486054992e-02	
     -1.0488401728300e-01	
     -1.4689429322655e-02	
     -2.7787114943518e-01	
     -6.6963921281825e-03	
     -2.3015436563619e-01	
     -6.2631872523162e-03	
     -1.9401973097261e-01	
     -5.4600888323929e-03	
     -1.6717160528977e-01	
     -4.3083526528577e-03	
     -1.4760475362097e-01	
     -3.0009942808421e-03	
     -1.3352092004725e-01	
     -1.7091523020862e-03	
     -1.2342862143458e-01	
     -5.9785973726530e-04	
     -1.1620824656998e-01	
      1.3589305720959e-04	
     -1.1108872808206e-01	
      3.1837915321980e-04	
     -1.0755713402337e-01	
     -1.3167156526425e-04	
     -1.0524794377790e-01	
     -1.1891308508948e-03	
     -1.0385556615487e-01	
     -2.7461471767782e-03	
     -1.0309539149830e-01	
     -4.6380439135868e-03	
     -1.0271428226048e-01	
     -6.6685921503383e-03	
     -1.0252221450492e-01	
     -8.6477308801750e-03	
     -1.0240683631553e-01	
     -1.0434814974492e-02	
     -1.0231788725342e-01	
     -1.1960105646589e-02	
     -1.0223913787774e-01	
     -1.3212964288786e-02	
     -1.0216797169275e-01	
     -1.4216664068180e-02	
     -1.0210554530949e-01	
     -1.5009090702884e-02	
     -1.0205180085062e-01	
     -1.5628149611573e-02	
     -2.7788181736890e-01	
     -7.1752783235560e-03	
     -2.3015414456738e-01	
     -6.7147859619163e-03	
     -1.9397711443736e-01	
     -5.8634888189557e-03	
     -1.6703577046555e-01	
     -4.6467827615766e-03	
     -1.4730868466739e-01	
     -3.2781955247635e-03	
     -1.3298504456478e-01	
     -1.9455709490988e-03	
     -1.2257257366798e-01	
     -8.1757239725614e-04	
     -1.1496620641396e-01	
     -8.1399491752082e-05	
     -1.0941939993395e-01	
      1.0745561343933e-04	
     -1.0544903859989e-01	
     -3.1482142423845e-04	
     -1.0272594935659e-01	
     -1.3169497061867e-03	
     -1.0098687668493e-01	
     -2.8044272641948e-03	
     -9.9982680771516e-02	
     -4.6454588673487e-03	
     -9.9468674390937e-02	
     -6.6811392832638e-03	
     -9.9230184097572e-02	
     -8.7381192590833e-03	
     -9.9115008236811e-02	
     -1.0659225087346e-02	
     -9.9041911938237e-02	
     -1.2340529716263e-02	
     -9.8980352988273e-02	
     -1.3745143111752e-02	
     -9.8922528443427e-02	
     -1.4883151218677e-02	
     -9.8867904343772e-02	
     -1.5784823713444e-02	
     -9.8820823150711e-02	
     -1.6493614106263e-02	
     -2.7789323186702e-01	
     -7.6542582543191e-03	
     -2.3015423739379e-01	
     -7.1672093543550e-03	
     -1.9393282847303e-01	
     -6.2694925503872e-03	
     -1.6689402897237e-01	
     -4.9910252654551e-03	
     -1.4700072444891e-01	
     -3.5668206010832e-03	
     -1.3243078541689e-01	
     -2.2021683223758e-03	
     -1.2169175336300e-01	
     -1.0688432608291e-03	
     -1.1369155962341e-01	
     -3.4279102086167e-04	
     -1.0770339852940e-01	
     -1.5964490020798e-04	
     -1.0326561707373e-01	
     -5.6309593536491e-04	
     -1.0007509681641e-01	
     -1.5094464427452e-03	
     -9.7905384445798e-02	
     -2.9068007820609e-03	
     -9.6552694605047e-02	
     -4.6471073203604e-03	
     -9.5807905176416e-02	
     -6.6141186295841e-03	
     -9.5458783917660e-02	
     -8.6771292739782e-03	
     -9.5318708823132e-02	
     -1.0692679603668e-02	
     -9.5258787392418e-02	
     -1.2528550404034e-02	
     -9.5216918840383e-02	
     -1.4101254283976e-02	
     -9.5177690646764e-02	
     -1.5395680421706e-02	
     -9.5140433372699e-02	
     -1.6440491208941e-02	
     -9.5097841937488e-02	
     -1.7256944840846e-02	
     -2.7790539201930e-01	
     -8.1333303699798e-03	
     -2.3015470455151e-01	
     -7.6204958695165e-03	
     -1.9388711439184e-01	
     -6.6782195009706e-03	
     -1.6674701276970e-01	
     -5.3413008820663e-03	
     -1.4668233248334e-01	
     -3.8671548074994e-03	
     -1.3186119681250e-01	
     -2.4792232030617e-03	
     -1.2079195435853e-01	
     -1.3519763993039e-03	
     -1.1239458555925e-01	
     -6.4906288978627e-04	
     -1.0595823697634e-01	
     -4.8560648846675e-04	
     -1.0103524124198e-01	
     -8.8436462832063e-04	
     -9.7336583294958e-02	
     -1.7855785837377e-03	
     -9.4658376114942e-02	
     -3.0899880257315e-03	
     -9.2835848800998e-02	
     -4.6968642030711e-03	
     -9.1712132439908e-02	
     -6.5194803396021e-03	
     -9.1118580642613e-02	
     -8.4787625006317e-03	
     -9.0874551265700e-02	
     -1.0486434548379e-02	
     -9.0810241963169e-02	
     -1.2433808138640e-02	
     -9.0799259376227e-02	
     -1.4200557479175e-02	
     -9.0779087387148e-02	
     -1.5691071842973e-02	
     -9.0746817483887e-02	
     -1.6886961427392e-02	
     -9.0734993282635e-02	
     -1.7876389220336e-02	
     -2.7791829590959e-01	
     -8.6124918075975e-03	
     -2.3015560863311e-01	
     -8.0746808225421e-03	
     -1.9384022511933e-01	
     -7.0897793939072e-03	
     -1.6659537681123e-01	
     -5.6978032785506e-03	
     -1.4635499276521e-01	
     -4.1794117629708e-03	
     -1.3127933936369e-01	
     -2.7768511213938e-03	
     -1.1987895793599e-01	
     -1.6669356779632e-03	
     -1.1108564099999e-01	
     -1.0002814260488e-03	
     -1.0420210476187e-01	
     -8.7159732649459e-04	
     -9.8789376893615e-02	
     -1.2835631728613e-03	
     -9.4562422074408e-02	
     -2.1601211969937e-03	
     -9.1322590651367e-02	
     -3.3896838977254e-03	
     -8.8921345796564e-02	
     -4.8643312329470e-03	
     -8.7239473385490e-02	
     -6.5012297047767e-03	
     -8.6169355240963e-02	
     -8.2468298845662e-03	
     -8.5596695565287e-02	
     -1.0068129027594e-02	
     -8.5388444848640e-02	
     -1.1935868885855e-02	
     -8.5396439277271e-02	
     -1.3803181494908e-02	
     -8.5477268854292e-02	
     -1.5580460514792e-02	
     -8.5517052666029e-02	
     -1.7115199190151e-02	
     -8.5445762620405e-02	
     -1.8199460153015e-02	
     -2.7793194045885e-01	
     -9.0917383712106e-03	
     -2.3015701406041e-01	
     -8.5297962334230e-03	
     -1.9379242449538e-01	
     -7.5042717983297e-03	
     -1.6643979642286e-01	
     -6.0606988188088e-03	
     -1.4602020438401e-01	
     -4.5037343791352e-03	
     -1.3068825354057e-01	
     -3.0950076218351e-03	
     -1.1895846036533e-01	
     -2.0133473738867e-03	
     -1.0977494826283e-01	
     -1.3957768168911e-03	
     -1.0245323366454e-01	
     -1.3171066481223e-03	
     -9.6560810003241e-02	
     -1.7618573896472e-03	
     -9.1811443858105e-02	
     -2.6402139693501e-03	
     -8.8000026177132e-02	
     -3.8296510620039e-03	
     -8.4970534698265e-02	
     -5.2114730429547e-03	
     -8.2602180283427e-02	
     -6.6912202122811e-03	
     -8.0803415901848e-02	
     -8.2058072801804e-03	
     -7.9507535903107e-02	
     -9.7232582212846e-03	
     -7.8664799340013e-02	
     -1.1239882346227e-02	
     -7.8228871401988e-02	
     -1.2780424450176e-02	
     -7.8141277027922e-02	
     -1.4406405844809e-02	
     -7.8323723810565e-02	
     -1.6228739217737e-02	
     -7.8688397947722e-02	
     -1.8411566576036e-02	
     -2.7794632126529e-01	
     -9.5710645222257e-03	
     -2.3015898673766e-01	
     -8.9858706617840e-03	
     -1.9374398654294e-01	
     -7.9217857558398e-03	
     -1.6628096471874e-01	
     -6.4301264938803e-03	
     -1.4567947246109e-01	
     -4.8401964952117e-03	
     -1.3009093403350e-01	
     -3.4334936249507e-03	
     -1.1803600204663e-01	
     -2.3905107167484e-03	
     -1.0847238284604e-01	
     -1.8341547942768e-03	
     -1.0072922925678e-01	
     -1.8199123960602e-03	
     -9.4381554338421e-02	
     -2.3162743992267e-03	
     -8.9143133751289e-02	
     -3.2231888383329e-03	
     -8.4802538048982e-02	
     -4.4119614456862e-03	
     -8.1192148724195e-02	
     -5.7588090833807e-03	
     -7.8174082100003e-02	
     -7.1624384727610e-03	
     -7.5632585843338e-02	
     -8.5486834753994e-03	
     -7.3468722391924e-02	
     -9.8679958209005e-03	
     -7.1598117810807e-02	
     -1.1089154370766e-02	
     -6.9955545827105e-02	
     -1.2187291870580e-02	
     -6.8507662027448e-02	
     -1.3121186902565e-02	
     -6.7261954330121e-02	
     -1.3796128908319e-02	
     -6.6250469780680e-02	
     -1.4009926473288e-02	
     -5.2371386702608e-02	
     -8.5253832301711e-03	
     -4.4570271016355e-02	
     -5.5579227073507e-03	
     -3.7517502901234e-02	
     -3.2240234704933e-03	
     -3.1181543432790e-02	
     -1.2153848567886e-03	
     -2.5344608470511e-02	
      5.0758373690378e-04	
     -1.9926548667633e-02	
      1.9147320065776e-03	
     -1.4875079258308e-02	
      2.9147551561552e-03	
     -1.0120837440571e-02	
      3.3275414697582e-03	
     -5.6588963456001e-03	
      2.8330367741422e-03	
      0.0000000000000e+00	
      0.0000000000000e+00	
     -2.7795272699126e-01	
     -9.7770620022309e-03	
     -2.3016002801592e-01	
     -9.1821532400494e-03	
     -1.9372305363778e-01	
     -8.1021445318176e-03	
     -1.6621190415444e-01	
     -6.5909076774574e-03	
     -1.4553163238944e-01	
     -4.9885112193477e-03	
     -1.2983312388998e-01	
     -3.5851172286570e-03	
     -1.1764041690318e-01	
     -2.5618162331091e-03	
     -1.0791760810299e-01	
     -2.0352765803569e-03	
     -1.0000034198623e-01	
     -2.0528121580725e-03	
     -9.3467953202347e-02	
     -2.5765801399603e-03	
     -8.8036118660658e-02	
     -3.5030646911180e-03	
     -8.3493819195752e-02	
     -4.7022665720499e-03	
     -7.9673537193277e-02	
     -6.0501610282946e-03	
     -7.6438542902870e-02	
     -7.4453942456514e-03	
     -7.3677779213216e-02	
     -8.8130722872366e-03	
     -7.1306039876879e-02	
     -1.0100186525211e-02	
     -6.9270181619923e-02	
     -1.1264357508599e-02	
     -6.7553271792980e-02	
     -1.2257675774422e-02	
     -6.6156166348928e-02	
     -1.3015851730546e-02	
     -6.5055170255773e-02	
     -1.3487566787505e-02	
     -6.4172558232578e-02	
     -1.3756525195627e-02	
     -5.3585920348550e-02	
     -9.3763408015397e-03	
     -4.4968340461361e-02	
     -5.9838535516519e-03	
     -3.7963162606420e-02	
     -3.6649155571383e-03	
     -3.1553626073505e-02	
     -1.6056271462190e-03	
     -2.5661596464665e-02	
      1.4284769797392e-04	
     -2.0171533128700e-02	
      1.5761908596313e-03	
     -1.5014161442031e-02	
      2.5917802337441e-03	
     -1.0146464778444e-02	
      3.0439606653909e-03	
     -5.2492574665182e-03	
      2.4396240293015e-03	
      0.0000000000000e+00	
      0.0000000000000e+00	
     -2.7796192018161e-01	
     -1.0065479567239e-02	
     -2.3016169198979e-01	
     -9.4572577031101e-03	
     -1.9369367913303e-01	
     -8.3556196779458e-03	
     -1.6611453406438e-01	
     -6.8180777857175e-03	
     -1.4532349577160e-01	
     -5.1999157227423e-03	
     -1.2947158177881e-01	
     -3.8035227883659e-03	
     -1.1708839521329e-01	
     -2.8106850584712e-03	
     -1.0714765335323e-01	
     -2.3291198993103e-03	
     -9.8994949056027e-02	
     -2.3947133659740e-03	
     -9.2217188608454e-02	
     -2.9610407013290e-03	
     -8.6535393610452e-02	
     -3.9201098012340e-03	
     -8.1743629758746e-02	
     -5.1402860988615e-03	
     -7.7681922202223e-02	
     -6.4967604936523e-03	
     -7.4227007373991e-02	
     -7.8859850038833e-03	
     -7.1291486325075e-02	
     -9.2262189061028e-03	
     -6.8824546410632e-02	
     -1.0449041686120e-02	
     -6.6801708092361e-02	
     -1.1489575740131e-02	
     -6.5196493512754e-02	
     -1.2289711906863e-02	
     -6.3954622135083e-02	
     -1.2827084852673e-02	
     -6.3000119332145e-02	
     -1.3143387086727e-02	
     -6.2270778926137e-02	
     -1.3296711253046e-02	
     -5.3920661757711e-02	
     -1.0162108152646e-02	
     -4.5564215273797e-02	
     -6.6951764558527e-03	
     -3.8425993677768e-02	
     -4.2522650517284e-03	
     -3.1996297755305e-02	
     -2.1623683541831e-03	
     -2.6033465470295e-02	
     -3.7083074665189e-04	
     -2.0452104495728e-02	
      1.0917873111074e-03	
     -1.5174494433730e-02	
      2.1379864937300e-03	
     -1.0095422352417e-02	
      2.5954218042628e-03	
     -4.9746889342067e-03	
      1.9773954978774e-03	
      0.0000000000000e+00	
      0.0000000000000e+00	
     -2.7797522856127e-01	
     -1.0469302001023e-02	
     -2.3016445073965e-01	
     -9.8430168986987e-03	
     -1.9365253090493e-01	
     -8.7124157922013e-03	
     -1.6597714470291e-01	
     -7.1402146690697e-03	
     -1.4503038825920e-01	
     -5.5032286465726e-03	
     -1.2896528307224e-01	
     -4.1211045042304e-03	
     -1.1632094385804e-01	
     -3.1762830389293e-03	
     -1.0608604765729e-01	
     -2.7634343103235e-03	
     -9.7622108536955e-02	
     -2.9022234853343e-03	
     -9.0530094190883e-02	
     -3.5342059967750e-03	
     -8.4544318992949e-02	
     -4.5447092160857e-03	
     -7.9474869876427e-02	
     -5.7980108285950e-03	
     -7.5184273553605e-02	
     -7.1636410337090e-03	
     -7.1579435846892e-02	
     -8.5265171153294e-03	
     -6.8602642799910e-02	
     -9.7859279922140e-03	
     -6.6209643577424e-02	
     -1.0855094943106e-02	
     -6.4341038514472e-02	
     -1.1673490078909e-02	
     -6.2911188895775e-02	
     -1.2229015422719e-02	
     -6.1824168923739e-02	
     -1.2561680226369e-02	
     -6.0996274324119e-02	
     -1.2733198369139e-02	
     -6.0361161812791e-02	
     -1.2803461873895e-02	
     -5.3452988987212e-02	
     -1.0772362443886e-02	
     -4.5944167023625e-02	
     -7.6301199838584e-03	
     -3.8885342042234e-02	
     -5.0729519778960e-03	
     -3.2441157484489e-02	
     -2.9328526261781e-03	
     -2.6424929551297e-02	
     -1.0964904528696e-03	
     -2.0742648951436e-02	
      4.0551350672972e-04	
     -1.5315592127139e-02	
      1.4853129769408e-03	
     -1.0029572300212e-02	
      1.9509310813838e-03	
     -4.8314270837587e-03	
      1.4539218772851e-03	
      0.0000000000000e+00	
      0.0000000000000e+00	
     -2.7799470769048e-01	
     -1.1034716960854e-02	
     -2.3016922304528e-01	
     -1.0384298700615e-02	
     -1.9359518495059e-01	
     -9.2157714977544e-03	
     -1.6578345449746e-01	
     -7.5992972468047e-03	
     -1.4461819146683e-01	
     -5.9421332111579e-03	
     -1.2825898557553e-01	
     -4.5882079783194e-03	
     -1.1526187188151e-01	
     -3.7201192895492e-03	
     -1.0463970563754e-01	
     -3.4129633262379e-03	
     -9.5780606699977e-02	
     -3.6624996594071e-03	
     -8.8312158893596e-02	
     -4.3918718960891e-03	
     -8.1997201550933e-02	
     -5.4735548474513e-03	
     -7.6678785185598e-02	
     -6.7591627976583e-03	
     -7.2253554682769e-02	
     -8.1006792913060e-03	
     -6.8648157787225e-02	
     -9.3622105102256e-03	
     -6.5788390748449e-02	
     -1.0432730842961e-02	
     -6.3575507992973e-02	
     -1.1246242714208e-02	
     -6.1888590245496e-02	
     -1.1797365037301e-02	
     -6.0607027314082e-02	
     -1.2131177183155e-02	
     -5.9629922248679e-02	
     -1.2311497993484e-02	
     -5.8880753383046e-02	
     -1.2395906312833e-02	
     -5.8304111886239e-02	
     -1.2425591607051e-02	
     -5.2317282673739e-02	
     -1.1184977400705e-02	
     -4.5758148528223e-02	
     -8.6513412794508e-03	
     -3.9116800501165e-02	
     -6.1577841059622e-03	
     -3.2768980523431e-02	
     -3.9800087163831e-03	
     -2.6741912637305e-02	
     -2.1032511923947e-03	
     -2.0977020086036e-02	
     -5.5754552567469e-04	
     -1.5411981899028e-02	
      5.6460823575379e-04	
     -9.9960029479716e-03	
      1.0987591609446e-03	
     -4.7887525503921e-03	
      8.7174244263238e-04	
      0.0000000000000e+00	
      0.0000000000000e+00	
     -2.7802360324169e-01	
     -1.1826389581421e-02	
     -2.3017787598490e-01	
     -1.1144517431442e-02	
     -1.9351628041116e-01	
     -9.9281157080587e-03	
     -1.6551174821143e-01	
     -8.2579465953351e-03	
     -1.4404158705031e-01	
     -6.5840220413072e-03	
     -1.2728237622723e-01	
     -5.2840545618359e-03	
     -1.1382130885135e-01	
     -4.5389689597043e-03	
     -1.0271163599018e-01	
     -4.3930377495942e-03	
     -9.3386540823069e-02	
     -4.8042703051830e-03	
     -8.5520582388803e-02	
     -5.6638550975287e-03	
     -7.8923213179782e-02	
     -6.8170423136359e-03	
     -7.3474048170326e-02	
     -8.0888654449796e-03	
     -6.9075585242490e-02	
     -9.3103669169643e-03	
     -6.5614534042891e-02	
     -1.0347549418806e-02	
     -6.2946675980494e-02	
     -1.1129083040084e-02	
     -6.0912240594149e-02	
     -1.1654908373584e-02	
     -5.9363164740058e-02	
     -1.1974337831118e-02	
     -5.8179753018117e-02	
     -1.2150735014175e-02	
     -5.7272039836175e-02	
     -1.2238077366543e-02	
     -5.6573830964938e-02	
     -1.2274076216610e-02	
     -5.6035906034027e-02	
     -1.2282485644861e-02	
     -5.0631487751838e-02	
     -1.1503386521864e-02	
     -4.4846242405642e-02	
     -9.6398391379386e-03	
     -3.8799914230438e-02	
     -7.4452746334650e-03	
     -3.2744378263575e-02	
     -5.3353641653447e-03	
     -2.6817088578164e-02	
     -3.4507515993733e-03	
     -2.1047258412873e-02	
     -1.8644948691292e-03	
     -1.5430516421047e-02	
     -6.6450141826955e-04	
     -9.9868029747369e-03	
      4.7097867322721e-05	
     -4.8000927587635e-03	
      2.2668723211112e-04	
      0.0000000000000e+00	
      0.0000000000000e+00	
     -2.7806711664961e-01	
     -1.2934807432231e-02	
     -2.3019436023003e-01	
     -1.2213619242664e-02	
     -1.9341096405061e-01	
     -1.0940558265497e-02	
     -1.6513612427470e-01	
     -9.2111895162112e-03	
     -1.4324611444548e-01	
     -7.5343370753138e-03	
     -1.2595721383161e-01	
     -6.3332997461328e-03	
     -1.1191504211465e-01	
     -5.7819113220559e-03	
     -1.0024028923352e-01	
     -5.8727793129427e-03	
     -9.0436883613893e-02	
     -6.4998815121249e-03	
     -8.2243565594899e-02	
     -7.4975181968494e-03	
     -7.5508341091555e-02	
     -8.6669538131825e-03	
     -7.0100310724270e-02	
     -9.8117334694000e-03	
     -6.5859372564459e-02	
     -1.0780593464738e-02	
     -6.2590549931674e-02	
     -1.1500336605851e-02	
     -6.0091348383084e-02	
     -1.1976364032747e-02	
     -5.8182263940445e-02	
     -1.2260765349699e-02	
     -5.6720544125294e-02	
     -1.2414959999952e-02	
     -5.5598404542645e-02	
     -1.2489025516679e-02	
     -5.4735374365383e-02	
     -1.2517312713098e-02	
     -5.4070945165856e-02	
     -1.2521286785673e-02	
     -5.3559199704462e-02	
     -1.2513544097978e-02	
     -4.8507612698006e-02	
     -1.1946591345559e-02	
     -4.3240450273854e-02	
     -1.0618385710655e-02	
     -3.7741470927599e-02	
     -8.8512230091957e-03	
     -3.2102236826269e-02	
     -6.9571873228322e-03	
     -2.6432127670680e-02	
     -5.1390183760466e-03	
     -2.0809319446867e-02	
     -3.5192587748607e-03	
     -1.5288442245021e-02	
     -2.1814229315341e-03	
     -9.9277720430688e-03	
     -1.1713763320075e-03	
     -4.8083854633064e-03	
     -4.7918982722782e-04	
      0.0000000000000e+00	
      0.0000000000000e+00	
     -2.7813358114177e-01	
     -1.4486414942611e-02	
     -2.3022731286664e-01	
     -1.3719672496279e-02	
     -1.9328050208913e-01	
     -1.2387581131844e-02	
     -1.6463570344397e-01	
     -1.0605396809837e-02	
     -1.4218351530326e-01	
     -8.9585222305219e-03	
     -1.2422661274032e-01	
     -7.9271939346945e-03	
     -1.0951844908692e-01	
     -7.6643985030520e-03	
     -9.7282779268391e-02	
     -8.0735146745858e-03	
     -8.7106613152854e-02	
     -8.9422732542537e-03	
     -7.8766593759778e-02	
     -1.0023885498105e-02	
     -7.2081287989154e-02	
     -1.1089276850344e-02	
     -6.6835981881017e-02	
     -1.1975315693403e-02	
     -6.2780850079023e-02	
     -1.2613538920287e-02	
     -5.9666994753611e-02	
     -1.3018382234267e-02	
     -5.7278764765444e-02	
     -1.3246167558732e-02	
     -5.5445022852268e-02	
     -1.3357410969024e-02	
     -5.4035092379958e-02	
     -1.3399343552213e-02	
     -5.2949992192246e-02	
     -1.3403576555778e-02	
     -5.2114473529174e-02	
     -1.3389441473852e-02	
     -5.1471024179740e-02	
     -1.3367982686459e-02	
     -5.0975500138349e-02	
     -1.3345106078467e-02	
     -4.6122857774898e-02	
     -1.2832035302764e-02	
     -4.1152740586467e-02	
     -1.1820952266563e-02	
     -3.6035721864186e-02	
     -1.0422584163263e-02	
     -3.0789816399501e-02	
     -8.7940380204590e-03	
     -2.5468817115356e-02	
     -7.0871053856184e-03	
     -2.0140870573653e-02	
     -5.4217870104026e-03	
     -1.4873430822921e-02	
     -3.8788968968849e-03	
     -9.7244601219208e-03	
     -2.4901476002536e-03	
     -4.7392040825615e-03	
     -1.2118123928305e-03	
      0.0000000000000e+00	
      0.0000000000000e+00	
     -2.7823581083553e-01	
     -1.6657316269558e-02	
     -2.3029587380213e-01	
     -1.5845314744987e-02	
     -1.9315024755961e-01	
     -1.4468785358315e-02	
     -1.6402914841832e-01	
     -1.2666755149924e-02	
     -1.4086487872654e-01	
     -1.1111046329314e-02	
     -1.2213208532222e-01	
     -1.0339864088875e-02	
     -1.0676972255612e-01	
     -1.0458494365685e-02	
     -9.4123312725877e-02	
     -1.1230840808645e-02	
     -8.3810652863461e-02	
     -1.2302513199398e-02	
     -7.5549360517152e-02	
     -1.3361728413331e-02	
     -6.9048881237708e-02	
     -1.4214717411448e-02	
     -6.3997215505064e-02	
     -1.4797532169258e-02	
     -6.0095409290762e-02	
     -1.5139040093072e-02	
     -5.7087599089604e-02	
     -1.5305883924930e-02	
     -5.4769470968403e-02	
     -1.5363114680132e-02	
     -5.2982655745581e-02	
     -1.5359190831584e-02	
     -5.1605337172096e-02	
     -1.5325497907724e-02	
     -5.0543797456740e-02	
     -1.5280545730752e-02	
     -4.9725817456013e-02	
     -1.5234366395113e-02	
     -4.9095676357242e-02	
     -1.5191850707121e-02	
     -4.8610362822438e-02	
     -1.5154958832726e-02	
     -4.3870390227795e-02	
     -1.4604604243708e-02	
     -3.9057132797384e-02	
     -1.3705184852345e-02	
     -3.4158982753500e-02	
     -1.2483456269277e-02	
     -2.9182791501486e-02	
     -1.0992726953223e-02	
     -2.4157429882004e-02	
     -9.3017932042672e-03	
     -1.9131776663381e-02	
     -7.4838087413010e-03	
     -1.4167773181461e-02	
     -5.6102549041891e-03	
     -9.3268317965446e-03	
     -3.7492332124748e-03	
     -4.6368176885656e-03	
     -1.9454406226348e-03	
      0.0000000000000e+00	
      0.0000000000000e+00	
     -2.7839051519918e-01	
     -1.9691218061824e-02	
     -2.3044100910869e-01	
     -1.8848669398570e-02	
     -1.9312095843070e-01	
     -1.7474429671040e-02	
     -1.6348301208993e-01	
     -1.5734123585926e-02	
     -1.3951099049223e-01	
     -1.4362790284887e-02	
     -1.1996507252884e-01	
     -1.3923252553842e-02	
     -1.0407039272007e-01	
     -1.4442838945289e-02	
     -9.1272031595555e-02	
     -1.5532563024348e-02	
     -8.1100363321429e-02	
     -1.6722603062989e-02	
     -7.3113245151225e-02	
     -1.7700770130983e-02	
     -6.6893104767202e-02	
     -1.8360543905436e-02	
     -6.2069510337552e-02	
     -1.8732270637476e-02	
     -5.8335445596060e-02	
     -1.8896870999370e-02	
     -5.5447125509844e-02	
     -1.8933148275960e-02	
     -5.3214371512787e-02	
     -1.8899623703353e-02	
     -5.1489491607636e-02	
     -1.8834121352461e-02	
     -5.0157837759806e-02	
     -1.8758819117379e-02	
     -4.9130412057799e-02	
     -1.8685550320165e-02	
     -4.8338159273498e-02	
     -1.8619852906684e-02	
     -4.7727546423815e-02	
     -1.8563679991306e-02	
     -4.7257119251766e-02	
     -1.8517085956248e-02	
     -4.2662427065946e-02	
     -1.7908435446004e-02	
     -3.7995952223137e-02	
     -1.7001741021398e-02	
     -3.3249525789873e-02	
     -1.5784046058610e-02	
     -2.8421934681454e-02	
     -1.4249812177309e-02	
     -2.3522748743803e-02	
     -1.2399341359779e-02	
     -1.8577066473086e-02	
     -1.0238474429137e-02	
     -1.3632591285882e-02	
     -7.7834432712624e-03	
     -8.7725731261888e-03	
     -5.0823671610816e-03	
     -4.1424173043912e-03	
     -2.2930279252934e-03	
      0.0000000000000e+00	
      0.0000000000000e+00	
     -2.7860736568786e-01	
     -2.3923941714745e-02	
     -2.3073522312494e-01	
     -2.3079368093016e-02	
     -1.9349259543233e-01	
     -2.1781177335626e-02	
     -1.6362031315878e-01	
     -2.0246720666228e-02	
     -1.3897622134728e-01	
     -1.9203543486638e-02	
     -1.1856052613130e-01	
     -1.9142163571260e-02	
     -1.0199610195037e-01	
     -1.9978817374828e-02	
     -8.8962040604709e-02	
     -2.1237707726082e-02	
     -7.8957708867260e-02	
     -2.2440223989086e-02	
     -7.1373322279317e-02	
     -2.3334529668708e-02	
     -6.5634077354734e-02	
     -2.3885354470933e-02	
     -6.1276282113915e-02	
     -2.4163911112804e-02	
     -5.7952531308176e-02	
     -2.4261878073420e-02	
     -5.5408021314803e-02	
     -2.4254708807067e-02	
     -5.3455095100469e-02	
     -2.4194310835272e-02	
     -5.1953889332529e-02	
     -2.4112717282770e-02	
     -5.0798939733478e-02	
     -2.4027993391379e-02	
     -4.9910020836060e-02	
     -2.3949310364253e-02	
     -4.9225754509991e-02	
     -2.3880561126182e-02	
     -4.8699020480863e-02	
     -2.3822708921213e-02	
     -4.8293576246463e-02	
     -2.3775221925166e-02	
     -4.4338457910414e-02	
     -2.3171120701401e-02	
     -4.0329764933242e-02	
     -2.2293234227268e-02	
     -3.6234680544198e-02	
     -2.1115381800415e-02	
     -3.2013968808391e-02	
     -1.9610679744024e-02	
     -2.7619400190921e-02	
     -1.7748907269904e-02	
     -2.2989371995466e-02	
     -1.5491861747289e-02	
     -1.8042158900059e-02	
     -1.2783481147631e-02	
     -1.2666466885707e-02	
     -9.5236382044275e-03	
     -6.7115406656572e-03	
     -5.4854615366940e-03	
      0.0000000000000e+00	
      0.0000000000000e+00	
